20 47 0D 0A 20 20 20 20 32 30 2E 30 20 6B 67 20     G..    20.0 kg 
20 20 20 47 0D 0A 20 20 20 20 32 30 2E 30 20 6B       G..    20.0 k
67 20 20 20 20 47 0D 0A 20 20 20 20 32 30 2E 30    g    G..    20.0
20 6B 67 20 20 20 20 47 0D 0A 20 20 20 20 32 30     kg    G..    20
2E 30 20 6B 67 20 20 20 20 47 0D 0A 20 20 20 20    .0 kg    G..    
32 30 2E 30 20 6B 67 20 20 20 20 47 0D 0A 20 20    20.0 kg    G..  
20 20 32 30 2E 30 20 6B 67 20 20 20 20 47 0D 0A      20.0 kg    G..
20 20 20 20 32 30 2E 30 20 6B 67 20 20 20 20 47        20.0 kg    G
0D 0A 20 20 20 20 32 30 2E 30 20 6B 67 20 20 20    ..    20.0 kg   
20 47 0D 0A 20 20 20 20 32 30 2E 30 20 6B 67 20     G..    20.0 kg 
20 20 20 47 0D 0A 20 20 20 20 32 30 2E 30 20 6B       G..    20.0 k
67 20 20 20 20 47 0D 0A 20 20 20 20 32 30 2E 30    g    G..    20.0
20 6B 67 20 20 20 20 47 0D 0A 20 20 20 20 32 30     kg    G..    20
2E 30 20 6B 67 20 20 20 20 47 0D 0A 20 20 20 20    .0 kg    G..    
32 30 2E 30 20 6B 67 20 20 20 20 47 0D 0A 20 20    20.0 kg    G..  
20 20 32 30 2E 30 20 6B 67 20 20 20 20 47 0D 0A      20.0 kg    G..
20 20 20 20 32 30 2E 30 20 6B 67 20 20 20 20 47        20.0 kg    G
0D 0A 20 20 20 20 32 30 2E 30 20 6B 67 20 20 20    ..    20.0 kg   
20 47 0D 0A 20 20 20 20 32 30 2E 30 20 6B 67 20     G..    20.0 kg 
20 20 20 47 0D 0A 20 20 20 20 32 30 2E 30 20 6B       G..    20.0 k
67 20 20 20 20 47 0D 0A 20 20 20 20 32 30 2E 30    g    G..    20.0
20 6B 67 20 20 20 20 47 0D 0A 20 20 20 20 32 30     kg    G..    20
2E 30 20 6B 67 20 20 20 20 47 0D 0A 20 20 20 20    .0 kg    G..    
32 30 2E 30 20 6B 67 20 20 20 20 47 0D 0A 20 20    20.0 kg    G..  
20 20 32 30 2E 30 20 6B 67 20 20 20 20 47 0D 0A      20.0 kg    G..
20 20 20 20 32 30 2E 30 20 6B 67 20 20 20 20 47        20.0 kg    G
0D 0A 20 20 20 20 32 30 2E 30 20 6B 67 20 20 20    ..    20.0 kg   
20 47 0D 0A 20 20 20 20 32 30 2E 30 20 6B 67 20     G..    20.0 kg 
20 20 20 47 0D 0A 20 20 20 20 32 30 2E 30 20 6B       G..    20.0 k
67 20 20 20 20 47 0D 0A 20 20 20 20 32 30 2E 30    g    G..    20.0
20 6B 67 20 20 20 20 47 0D 0A 20 20 20 20 32 30     kg    G..    20
2E 30 20 6B 67 20 20 20 20 47 0D 0A 20 20 20 20    .0 kg    G..    
32 30 2E 30 20 6B 67 20 20 20 20 47 0D 0A 20 20    20.0 kg    G..  
20 20 32 30 2E 30 20 6B 67 20 20 20 20 47 0D 0A      20.0 kg    G..
20 20 20 20 32 30 2E 30 20 6B 67 20 20 20 20 47        20.0 kg    G
0D 0A 20 20 20 20 32 30 2E 30 20 6B 67 20 20 20    ..    20.0 kg   
20 47 0D 0A 20 20 20 20 32 30 2E 30 20 6B 67 20     G..    20.0 kg 
20 20 20 47 0D 0A 20 20 20 20 32 30 2E 30 20 6B       G..    20.0 k
67 20 20 20 20 47 0D 0A 20 20 20 20 32 30 2E 30    g    G..    20.0
20 6B 67 20 20 20 20 47 0D 0A 20 20 20 20 32 30     kg    G..    20
2E 30 20 6B 67 20 20 20 20 47 0D 0A 20 20 20 20    .0 kg    G..    
32 30 2E 30 20 6B 67 20 20 20 20 47 0D 0A 20 20    20.0 kg    G..  
20 20 32 30 2E 30 20 6B 67 20 20 20 20 47 0D 0A      20.0 kg    G..
20 20 20 20 32 30 2E 30 20 6B 67 20 20 20 20 47        20.0 kg    G
0D 0A 20 20 20 20 32 30 2E 30 20 6B 67 20 20 20    ..    20.0 kg   
20 47 0D 0A 20 20 20 20 32 30 2E 30 20 6B 67 20     G..    20.0 kg 
20 20 20 47 0D 0A 20 20 20 20 32 30 2E 30 20 6B       G..    20.0 k
67 20 20 20 20 47 0D 0A 20 20 20 20 32 30 2E 30    g    G..    20.0
20 6B 67 20 20 20 20 47 0D 0A 20 20 20 20 32 30     kg    G..    20
2E 30 20 6B 67 20 20 20 20 47 0D 0A 20 20 20 20    .0 kg    G..    
32 30 2E 30 20 6B 67 20 20 20 20 47 0D 0A 20 20    20.0 kg    G..  
20 20 32 30 2E 30 20 6B 67 20 20 20 20 47 0D 0A      20.0 kg    G..
20 20 20 20 32 30 2E 30 20 6B 67 20 20 20 20 47        20.0 kg    G
0D 0A 20 20 20 20 32 30 2E 30 20 6B 67 20 20 20    ..    20.0 kg   
20 47 0D 0A 20 20 20 20 32 30 2E 30 20 6B 67 20     G..    20.0 kg 
20 20 20 47 0D 0A 20 20 20 20 32 30 2E 30 20 6B       G..    20.0 k
67 20 20 20 20 47 0D 0A 20 20 20 20 32 30 2E 30    g    G..    20.0
20 6B 67 20 20 20 20 47 0D 0A 20 20 20 20 32 30     kg    G..    20
2E 30 20 6B 67 20 20 20 20 47 0D 0A 20 20 20 20    .0 kg    G..    
32 30 2E 30 20 6B 67 20 20 20 20 47 0D 0A 20 20    20.0 kg    G..  
20 20 32 30 2E 30 20 6B 67 20 20 20 20 47 0D 0A      20.0 kg    G..
20 20 20 20 32 30 2E 30 20 6B 67 20 20 20 20 47        20.0 kg    G
0D 0A 20 20 20 20 32 30 2E 30 20 6B 67 20 20 20    ..    20.0 kg   
20 47 0D 0A 20 20 20 20 32 30 2E 30 20 6B 67 20     G..    20.0 kg 
20 20 20 47 0D 0A 20 20 20 20 32 30 2E 30 20 6B       G..    20.0 k
67 20 20 20 20 47 0D 0A 20 20 20 20 32 30 2E 30    g    G..    20.0
20 6B 67 20 20 20 20 47 0D 0A 20 20 20 20 32 30     kg    G..    20
2E 30 20 6B 67 20 20 20 20 47 0D 0A 20 20 20 20    .0 kg    G..    
32 30 2E 30 20 6B 67 20 20 20 20 47 0D 0A 20 20    20.0 kg    G..  
20 20 32 30 2E 30 20 6B 67 20 20 20 20 47 0D 0A      20.0 kg    G..
20 20 20 20 32 30 2E 30 20 6B 67 20 20 20 20 47        20.0 kg    G
0D 0A 20 20 20 20 32 30 2E 30 20 6B 67 20 20 20    ..    20.0 kg   
20 47 0D 0A 20 20 20 20 32 30 2E 30 20 6B 67 20     G..    20.0 kg 
20 20 20 47 0D 0A 20 20 20 20 32 30 2E 30 20 6B       G..    20.0 k
67 20 20 20 20 47 0D 0A 20 20 20 20 32 30 2E 30    g    G..    20.0
20 6B 67 20 20 20 20 47 0D 0A 20 20 20 20 32 30     kg    G..    20
2E 30 20 6B 67 20 20 20 20 47 0D 0A 20 20 20 20    .0 kg    G..    
32 30 2E 30 20 6B 67 20 20 20 20 47 0D 0A 20 20    20.0 kg    G..  
20 20 32 30 2E 30 20 6B 67 20 20 20 20 47 0D 0A      20.0 kg    G..
20 20 20 20 32 30 2E 30 20 6B 67 20 20 20 20 47        20.0 kg    G
0D 0A 20 20 20 20 32 30 2E 30 20 6B 67 20 20 20    ..    20.0 kg   
20 47 0D 0A 20 20 20 20 32 30 2E 30 20 6B 67 20     G..    20.0 kg 
20 20 20 47 0D 0A 20 20 20 20 32 30 2E 30 20 6B       G..    20.0 k
67 20 20 20 20 47 0D 0A 20 20 20 20 32 30 2E 30    g    G..    20.0
20 6B 67 20 20 20 20 47 0D 0A 20 20 20 20 32 30     kg    G..    20
2E 30 20 6B 67 20 20 20 20 47 0D 0A 20 20 20 20    .0 kg    G..    
32 30 2E 30 20 6B 67 20 20 20 20 47 0D 0A 20 20    20.0 kg    G..  
20 20 32 30 2E 30 20 6B 67 20 20 20 20 47 0D 0A      20.0 kg    G..
20 20 20 20 32 30 2E 30 20 6B 67 20 20 20 20 47        20.0 kg    G
0D 0A 20 20 20 20 32 30 2E 30 20 6B 67 20 20 20    ..    20.0 kg   
20 47 0D 0A 20 20 20 20 32 30 2E 30 20 6B 67 20     G..    20.0 kg 
20 20 20 47 0D 0A 20 20 20 20 32 30 2E 30 20 6B       G..    20.0 k
67 20 20 20 20 47 0D 0A 20 20 20 20 32 30 2E 30    g    G..    20.0
20 6B 67 20 20 20 20 47 0D 0A 20 20 20 20 32 30     kg    G..    20
2E 30 20 6B 67 20 20 20 20 47 0D 0A 20 20 20 20    .0 kg    G..    
32 30 2E 30 20 6B 67 20 20 20 20 47 0D 0A 20 20    20.0 kg    G..  
20 20 32 30 2E 30 20 6B 67 20 20 20 20 47 0D 0A      20.0 kg    G..
20 20 20 20 32 30 2E 30 20 6B 67 20 20 20 20 47        20.0 kg    G
0D 0A 20 20 20 20 32 30 2E 30 20 6B 67 20 20 20    ..    20.0 kg   
20 47 0D 0A 20 20 20 20 32 30 2E 30 20 6B 67 20     G..    20.0 kg 
20 20 20 47 0D 0A 20 20 20 20 32 30 2E 30 20 6B       G..    20.0 k
67 20 20 20 20 47 0D 0A 20 20 20 20 32 30 2E 30    g    G..    20.0
20 6B 67 20 20 20 20 47 0D 0A 20 20 20 20 32 30     kg    G..    20
2E 30 20 6B 67 20 20 20 20 47 0D 0A 20 20 20 20    .0 kg    G..    
32 30 2E 30 20 6B 67 20 20 20 20 47 0D 0A 20 20    20.0 kg    G..  
20 20 32 30 2E 30 20 6B 67 20 20 20 20 47 0D 0A      20.0 kg    G..
20 20 20 20 32 30 2E 30 20 6B 67 20 20 20 20 47        20.0 kg    G
0D 0A 20 20 20 20 32 30 2E 30 20 6B 67 20 20 20    ..    20.0 kg   
20 47 0D 0A 20 20 20 20 32 30 2E 30 20 6B 67 20     G..    20.0 kg 
20 20 20 47 0D 0A 20 20 20 20 32 30 2E 30 20 6B       G..    20.0 k
67 20 20 20 20 47 0D 0A 20 20 20 20 32 30 2E 30    g    G..    20.0
20 6B 67 20 20 20 20 47 0D 0A 20 20 20 20 32 30     kg    G..    20
2E 30 20 6B 67 20 20 20 20 47 0D 0A 20 20 20 20    .0 kg    G..    
32 30 2E 30 20 6B 67 20 20 20 20 47 0D 0A 20 20    20.0 kg    G..  
20 20 32 30 2E 30 20 6B 67 20 20 20 20 47 0D 0A      20.0 kg    G..
20 20 20 20 32 30 2E 30 20 6B 67 20 20 20 20 47        20.0 kg    G
0D 0A 20 20 20 20 32 30 2E 30 20 6B 67 20 20 20    ..    20.0 kg   
20 47 0D 0A 20 20 20 20 32 30 2E 30 20 6B 67 20     G..    20.0 kg 
20 20 20 47 0D 0A 20 20 20 20 32 30 2E 30 20 6B       G..    20.0 k
67 20 20 20 20 47 0D 0A 20 20 20 20 32 30 2E 30    g    G..    20.0
20 6B 67 20 20 20 20 47 0D 0A 20 20 20 20 32 30     kg    G..    20
2E 30 20 6B 67 20 20 20 20 47 0D 0A 20 20 20 20    .0 kg    G..    
32 30 2E 30 20 6B 67 20 20 20 20 47 0D 0A 20 20    20.0 kg    G..  
20 20 32 30 2E 30 20 6B 67 20 20 20 20 47 0D 0A      20.0 kg    G..
20 20 20 20 32 30 2E 30 20 6B 67 20 20 20 20 47        20.0 kg    G
0D 0A 20 20 20 20 32 30 2E 30 20 6B 67 20 20 20    ..    20.0 kg   
20 47 0D 0A 20 20 20 20 32 30 2E 30 20 6B 67 20     G..    20.0 kg 
20 20 20 47 0D 0A 20 20 20 20 32 30 2E 30 20 6B       G..    20.0 k
67 20 20 20 20 47 0D 0A 20 20 20 20 32 30 2E 30    g    G..    20.0
20 6B 67 20 20 20 20 47 0D 0A 20 20 20 20 32 30     kg    G..    20
2E 30 20 6B 67 20 20 20 20 47 0D 0A 20 20 20 20    .0 kg    G..    
32 30 2E 30 20 6B 67 20 20 20 20 47 0D 0A 20 20    20.0 kg    G..  
20 20 32 30 2E 30 20 6B 67 20 20 20 20 47 0D 0A      20.0 kg    G..
20 20 20 20 32 30 2E 30 20 6B 67 20 20 20 20 47        20.0 kg    G
0D 0A 20 20 20 20 32 30 2E 30 20 6B 67 20 20 20    ..    20.0 kg   
20 47 0D 0A 20 20 20 20 32 30 2E 30 20 6B 67 20     G..    20.0 kg 
20 20 20 47 0D 0A 20 20 20 20 32 30 2E 30 20 6B       G..    20.0 k
67 20 20 20 20 47 0D 0A 20 20 20 20 32 30 2E 30    g    G..    20.0
20 6B 67 20 20 20 20 47 0D 0A 20 20 20 20 32 30     kg    G..    20
2E 30 20 6B 67 20 20 20 20 47 0D 0A 20 20 20 20    .0 kg    G..    
32 30 2E 30 20 6B 67 20 20 20 20 47 0D 0A 20 20    20.0 kg    G..  
20 20 32 30 2E 30 20 6B 67 20 20 20 20 47 0D 0A      20.0 kg    G..
20 20 20 20 32 30 2E 30 20 6B 67 20 20 20 20 47        20.0 kg    G
0D 0A 20 20 20 20 32 30 2E 30 20 6B 67 20 20 20    ..    20.0 kg   
20 47 0D 0A 20 20 20 20 32 30 2E 30 20 6B 67 20     G..    20.0 kg 
20 20 20 47 0D 0A 20 20 20 20 32 30 2E 30 20 6B       G..    20.0 k
67 20 20 20 20 47 0D 0A 20 20 20 20 32 30 2E 30    g    G..    20.0
20 6B 67 20 20 20 20 47 0D 0A 20 20 20 20 32 30     kg    G..    20
2E 30 20 6B 67 20 20 20 20 47 0D 0A 20 20 20 20    .0 kg    G..    
32 30 2E 30 20 6B 67 20 20 20 20 47 0D 0A 20 20    20.0 kg    G..  
20 20 32 30 2E 30 20 6B 67 20 20 20 20 47 0D 0A      20.0 kg    G..
20 20 20 20 32 30 2E 30 20 6B 67 20 20 20 20 47        20.0 kg    G
0D 0A 20 20 20 20 32 30 2E 30 20 6B 67 20 20 20    ..    20.0 kg   
20 47 0D 0A 20 20 20 20 32 30 2E 30 20 6B 67 20     G..    20.0 kg 
20 20 20 47 0D 0A 20 20 20 20 32 30 2E 30 20 6B       G..    20.0 k
67 20 20 20 20 47 0D 0A 20 20 20 20 32 30 2E 30    g    G..    20.0
20 6B 67 20 20 20 20 47 0D 0A 20 20 20 20 32 30     kg    G..    20
2E 30 20 6B 67 20 20 20 20 47 0D 0A 20 20 20 20    .0 kg    G..    
32 30 2E 30 20 6B 67 20 20 20 20 47 0D 0A 20 20    20.0 kg    G..  
20 20 32 30 2E 30 20 6B 67 20 20 20 20 47 0D 0A      20.0 kg    G..
20 20 20 20 32 30 2E 30 20 6B 67 20 20 20 20 47        20.0 kg    G
0D 0A 20 20 20 20 32 30 2E 30 20 6B 67 20 20 20    ..    20.0 kg   
20 47 0D 0A 20 20 20 20 32 30 2E 30 20 6B 67 20     G..    20.0 kg 
20 20 20 47 0D 0A 20 20 20 20 32 30 2E 30 20 6B       G..    20.0 k
67 20 20 20 20 47 0D 0A 20 20 20 20 32 30 2E 30    g    G..    20.0
20 6B 67 20 20 20 20 47 0D 0A 20 20 20 20 32 30     kg    G..    20
2E 30 20 6B 67 20 20 20 20 47 0D 0A 20 20 20 20    .0 kg    G..    
32 30 2E 30 20 6B 67 20 20 20 20 47 0D 0A 20 20    20.0 kg    G..  
20 20 32 30 2E 30 20 6B 67 20 20 20 20 47 0D 0A      20.0 kg    G..
20 20 20 20 32 30 2E 30 20 6B 67 20 20 20 20 47        20.0 kg    G
0D 0A 20 20 20 20 32 30 2E 30 20 6B 67 20 20 20    ..    20.0 kg   
20 47 0D 0A 20 20 20 20 32 30 2E 30 20 6B 67 20     G..    20.0 kg 
20 20 20 47 0D 0A 20 20 20 20 32 30 2E 30 20 6B       G..    20.0 k
67 20 20 20 20 47 0D 0A 20 20 20 20 32 30 2E 30    g    G..    20.0
20 6B 67 20 20 20 20 47 0D 0A 20 20 20 20 32 30     kg    G..    20
2E 30 20 6B 67 20 20 20 20 47 0D 0A 20 20 20 20    .0 kg    G..    
32 30 2E 30 20 6B 67 20 20 20 20 47 0D 0A 20 20    20.0 kg    G..  
20 20 32 30 2E 30 20 6B 67 20 20 20 20 47 0D 0A      20.0 kg    G..
20 20 20 20 32 30 2E 30 20 6B 67 20 20 20 20 47        20.0 kg    G
0D 0A 20 20 20 20 32 30 2E 30 20 6B 67 20 20 20    ..    20.0 kg   
20 47 0D 0A 20 20 20 20 32 30 2E 30 20 6B 67 20     G..    20.0 kg 
20 20 20 47 0D 0A 20 20 20 20 32 30 2E 30 20 6B       G..    20.0 k
67 20 20 20 20 47 0D 0A 20 20 20 20 32 30 2E 30    g    G..    20.0
20 6B 67 20 20 20 20 47 0D 0A 20 20 20 20 32 30     kg    G..    20
2E 30 20 6B 67 20 20 20 20 47 0D 0A 20 20 20 20    .0 kg    G..    
32 30 2E 30 20 6B 67 20 20 20 20 47 0D 0A 20 20    20.0 kg    G..  
20 20 32 30 2E 30 20 6B 67 20 20 20 20 47 0D 0A      20.0 kg    G..
20 20 20 20 32 30 2E 30 20 6B 67 20 20 20 20 47        20.0 kg    G
0D 0A 20 20 20 20 32 30 2E 30 20 6B 67 20 20 20    ..    20.0 kg   
20 47 0D 0A 20 20 20 20 32 30 2E 30 20 6B 67 20     G..    20.0 kg 
20 20 20 47 0D 0A 20 20 20 20 32 30 2E 30 20 6B       G..    20.0 k
67 20 20 20 20 47 0D 0A 20 20 20 20 32 30 2E 30    g    G..    20.0
20 6B 67 20 20 20 20 47 0D 0A 20 20 20 20 32 30     kg    G..    20
2E 30 20 6B 67 20 20 20 20 47 0D 0A 20 20 20 20    .0 kg    G..    
32 30 2E 30 20 6B 67 20 20 20 20 47 0D 0A 20 20    20.0 kg    G..  
20 20 32 30 2E 30 20 6B 67 20 20 20 20 47 0D 0A      20.0 kg    G..
20 20 20 20 32 30 2E 30 20 6B 67 20 20 20 20 47        20.0 kg    G
0D 0A 20 20 20 20 32 30 2E 30 20 6B 67 20 20 20    ..    20.0 kg   
20 47 0D 0A 20 20 20 20 32 30 2E 30 20 6B 67 20     G..    20.0 kg 
20 20 20 47 0D 0A 20 20 20 20 32 30 2E 30 20 6B       G..    20.0 k
67 20 20 20 20 47 0D 0A 20 20 20 20 32 30 2E 30    g    G..    20.0
20 6B 67 20 20 20 20 47 0D 0A 20 20 20 20 32 30     kg    G..    20
2E 30 20 6B 67 20 20 20 20 47 0D 0A 20 20 20 20    .0 kg    G..    
32 30 2E 30 20 6B                                  20.0 kg    G
