54 20 50 33 20 20 20 20 20 20 20 30 2E 30 0D 53    T P3       0.0.S
45 54 20 50 34 20 20 20 20 20 20 20 30 2E 30 0D    ET P4       0.0.
47 52 4F 53 53 20 57 45 49 47 48 54 20 20 20 20    GROSS WEIGHT    
31 31 35 32 2E 30 0D 4E 45 54 20 57 45 49 47 48    1152.0.NET WEIGH
54 20 20 20 20 20 20 20 20 33 35 2E 35 0D 54 41    T        35.5.TA
52 45 20 20 20 20 20 20 31 31 31 36 2E 35 0D 44    RE      1116.5.D
41 54 45 20 26 20 54 49 4D 45 20 4A 41 4E 2E 20    ATE & TIME JAN. 
31 34 2C 32 30 32 34 20 20 30 36 3A 33 34 41 4D    14,2024  06:34AM
0D 53 43 41 4C 45 20 4E 4F 20 31 0D 53 54 41 54    .SCALE NO 1.STAT
55 53 20 81 2A 0D 0A 53 45 54 20 50 31 28 57 29    US .*..SET P1(W)
20 20 20 20 20 20 20 30 2E 30 0D 53 45 54 20 50           0.0.SET P
32 20 20 20 20 20 20 20 30 2E 30 0D 53 45 54 20    2       0.0.SET 
50 33 20 20 20 20 20 20 20 30 2E 30 0D 53 45 54    P3       0.0.SET
20 50 34 20 20 20 20 20 20 20 30 2E 30 0D 47 52     P4       0.0.GR
4F 53 53 20 57 45 49 47 48 54 20 20 20 20 31 31    OSS WEIGHT    11
35 32 2E 35 0D 4E 45 54 20 57 45 49 47 48 54 20    52.5.NET WEIGHT 
20 20 20 20 20 20 20 33 36 2E 30 0D 54 41 52 45           36.0.TARE
20 20 20 20 20 20 31 31 31 36 2E 35 0D 44 41 54          1116.5.DAT
45 20 26 20 54 49 4D 45 20 4A 41 4E 2E 20 31 34    E & TIME JAN. 14
2C 32 30 32 34 20 20 30 36 3A 33 34 41 4D 0D 53    ,2024  06:34AM.S
43 41 4C 45 20 4E 4F 20 31 0D 53 54 41 54 55 53    CALE NO 1.STATUS
20 81 2A 0D 0A 53 45 54 20 50 31 28 57 29 20 20     .*..SET P1(W)  
20 20 20 20 20 30 2E 30 0D 53 45 54 20 50 32 20         0.0.SET P2 
20 20 20 20 20 20 30 2E 30 0D 53 45 54 20 50 33          0.0.SET P3
20 20 20 20 20 20 20 30 2E 30 0D 53 45 54 20 50           0.0.SET P
34 20 20 20 20 20 20 20 30 2E 30 0D 47 52 4F 53    4       0.0.GROS
53 20 57 45 49 47 48 54 20 20 20 20 31 31 35 32    S WEIGHT    1152
2E 35 0D 4E 45 54 20 57 45 49 47 48 54 20 20 20    .5.NET WEIGHT   
20 20 20 20 20 33 36 2E 30 0D 54 41 52 45 20 20         36.0.TARE  
20 20 20 20 31 31 31 36 2E 35 0D 44 41 54 45 20        1116.5.DATE 
26 20 54 49 4D 45 20 4A 41 4E 2E 20 31 34 2C 32    & TIME JAN. 14,2
30 32 34 20 20 30 36 3A 33 34 41 4D 0D 53 43 41    024  06:34AM.SCA
4C 45 20 4E 4F 20 31 0D 53 54 41 54 55 53 20 81    LE NO 1.STATUS .
2A 0D 0A 53 45 54 20 50 31 28 57 29 20 20 20 20    *..SET P1(W)    
20 20 20 30 2E 30 0D 53 45 54 20 50 32 20 20 20       0.0.SET P2   
20 20 20 20 30 2E 30 0D 53 45 54 20 50 33 20 20        0.0.SET P3  
20 20 20 20 20 30 2E 30 0D 53 45 54 20 50 34 20         0.0.SET P4 
20 20 20 20 20 20 30 2E 30 0D 47 52 4F 53 53 20          0.0.GROSS 
57 45 49 47 48 54 20 20 20 20 31 31 35 32 2E 35    WEIGHT    1152.5
0D 4E 45 54 20 57 45 49 47 48 54 20 20 20 20 20    .NET WEIGHT     
20 20 20 33 36 2E 30 0D 54 41 52 45 20 20 20 20       36.0.TARE    
20 20 31 31 31 36 2E 35 0D 44 41 54 45 20 26 20      1116.5.DATE & 
54 49 4D 45 20 4A 41 4E 2E 20 31 34 2C 32 30 32    TIME JAN. 14,202
34 20 20 30 36 3A 33 34 41 4D 0D 53 43 41 4C 45    4  06:34AM.SCALE
20 4E 4F 20 31 0D 53 54 41 54 55 53 20 81 2A 0D     NO 1.STATUS .*.
0A 53 45 54 20 50 31 28 57 29 20 20 20 20 20 20    .SET P1(W)      
20 30 2E 30 0D 53 45 54 20 50 32 20 20 20 20 20     0.0.SET P2     
20 20 30 2E 30 0D 53 45 54 20 50 33 20 20 20 20      0.0.SET P3    
20 20 20 30 2E 30 0D 53 45 54 20 50 34 20 20 20       0.0.SET P4   
20 20 20 20 30 2E 30 0D 47 52 4F 53 53 20 57 45        0.0.GROSS WE
49 47 48 54 20 20 20 20 31 31 35 32 2E 35 0D 4E    IGHT    1152.5.N
45 54 20 57 45 49 47 48 54 20 20 20 20 20 20 20    ET WEIGHT       
20 33 36 2E 30 0D 54 41 52 45 20 20 20 20 20 20     36.0.TARE      
31 31 31 36 2E 35 0D 44 41 54 45 20 26 20 54 49    1116.5.DATE & TI
4D 45 20 4A 41 4E 2E 20 31 34 2C 32 30 32 34 20    ME JAN. 14,2024 
20 30 36 3A 33 34 41 4D 0D 53 43 41 4C 45 20 4E     06:34AM.SCALE N
4F 20 31 0D 53 54 41 54 55 53 20 83 2A 0D 0A 53    O 1.STATUS .*..S
45 54 20 50 31 28 57 29 20 20 20 20 20 20 20 30    ET P1(W)       0
2E 30 0D 53 45 54 20 50 32 20 20 20 20 20 20 20    .0.SET P2       
30 2E 30 0D 53 45 54 20 50 33 20 20 20 20 20 20    0.0.SET P3      
20 30 2E 30 0D 53 45 54 20 50 34 20 20 20 20 20     0.0.SET P4     
20 20 30 2E 30 0D 47 52 4F 53 53 20 57 45 49 47      0.0.GROSS WEIG
48 54 20 20 20 20 31 31 35 32 2E 35 0D 4E 45 54    HT    1152.5.NET
20 57 45 49 47 48 54 20 20 20 20 20 20 20 20 33     WEIGHT        3
36 2E 30 0D 54 41 52 45 20 20 20 20 20 20 31 31    6.0.TARE      11
31 36 2E 35 0D 44 41 54 45 20 26 20 54 49 4D 45    16.5.DATE & TIME
20 4A 41 4E 2E 20 31 34 2C 32 30 32 34 20 20 30     JAN. 14,2024  0
36 3A 33 34 41 4D 0D 53 43 41 4C 45 20 4E 4F 20    6:34AM.SCALE NO 
31 0D 53 54 41 54 55 53 20 81 2A 0D 0A 53 45 54    1.STATUS .*..SET
20 50 31 28 57 29 20 20 20 20 20 20 20 30 2E 30     P1(W)       0.0
0D 53 45 54 20 50 32 20 20 20 20 20 20 20 30 2E    .SET P2       0.
30 0D 53 45 54 20 50 33 20 20 20 20 20 20 20 30    0.SET P3       0
2E 30 0D 53 45 54 20 50 34 20 20 20 20 20 20 20    .0.SET P4       
30 2E 30 0D 47 52 4F 53 53 20 57 45 49 47 48 54    0.0.GROSS WEIGHT
20 20 20 20 31 31 35 32 2E 35 0D 4E 45 54 20 57        1152.5.NET W
45 49 47 48 54 20 20 20 20 20 20 20 20 33 36 2E    EIGHT        36.
30 0D 54 41 52 45 20 20 20 20 20 20 31 31 31 36    0.TARE      1116
2E 35 0D 44 41 54 45 20 26 20 54 49 4D 45 20 4A    .5.DATE & TIME J
41 4E 2E 20 31 34 2C 32 30 32 34 20 20 30 36 3A    AN. 14,2024  06:
33 34 41 4D 0D 53 43 41 4C 45 20 4E 4F 20 31 0D    34AM.SCALE NO 1.
53 54 41 54 55 53 20 81 2A 0D 0A 53 45 54 20 50    STATUS .*..SET P
31 28 57 29 20 20 20 20 20 20 20 30 2E 30 0D 53    1(W)       0.0.S
45 54 20 50 32 20 20 20 20 20 20 20 30 2E 30 0D    ET P2       0.0.
53 45 54 20 50 33 20 20 20 20 20 20 20 30 2E 30    SET P3       0.0
0D 53 45 54 20 50 34 20 20 20 20 20 20 20 30 2E    .SET P4       0.
30 0D 47 52 4F 53 53 20 57 45 49 47 48 54 20 20    0.GROSS WEIGHT  
20 20 31 31 35 32 2E 35 0D 4E 45 54 20 57 45 49      1152.5.NET WEI
47 48 54 20 20 20 20 20 20 20 20 33 36 2E 30 0D    GHT        36.0.
54 41 52 45 20 20 20 20 20 20 31 31 31 36 2E 35    TARE      1116.5
0D 44 41 54 45 20 26 20 54 49 4D 45 20 4A 41 4E    .DATE & TIME JAN
2E 20 31 34 2C 32 30 32 34 20 20 30 36 3A 33 34    . 14,2024  06:34
41 4D 0D 53 43 41 4C 45 20 4E 4F 20 31 0D 53 54    AM.SCALE NO 1.ST
41 54 55 53 20 81 2A 0D 0A 53 45 54 20 50 31 28    ATUS .*..SET P1(
57 29 20 20 20 20 20 20 20 30 2E 30 0D 53 45 54    W)       0.0.SET
20 50 32 20 20 20 20 20 20 20 30 2E 30 0D 53 45     P2       0.0.SE
54 20 50 33 20 20 20 20 20 20 20 30 2E 30 0D 53    T P3       0.0.S
45 54 20 50 34 20 20 20 20 20 20 20 30 2E 30 0D    ET P4       0.0.
47 52 4F 53 53 20 57 45 49 47 48 54 20 20 20 20    GROSS WEIGHT    
31 31 35 32 2E 35 0D 4E 45 54 20 57 45 49 47 48    1152.5.NET WEIGH
54 20 20 20 20 20 20 20 20 33 36 2E 30 0D 54 41    T        36.0.TA
52 45 20 20 20 20 20 20 31 31 31 36 2E 35 0D 44    RE      1116.5.D
41 54 45 20 26 20 54 49 4D 45 20 4A 41 4E 2E 20    ATE & TIME JAN. 
31 34 2C 32 30 32 34 20 20 30 36 3A 33 34 41 4D    14,2024  06:34AM
0D 53 43 41 4C 45 20 4E 4F 20 31 0D 53 54 41 54    .SCALE NO 1.STAT
55 53 20 83 2A 0D 0A 53 45 54 20 50 31 28 57 29    US .*..SET P1(W)
20 20 20 20 20 20 20 30 2E 30 0D 53 45 54 20 50           0.0.SET P
32 20 20 20 20 20 20 20 30 2E 30 0D 53 45 54 20    2       0.0.SET 
50 33 20 20 20 20 20 20 20 30 2E 30 0D 53 45 54    P3       0.0.SET
20 50 34 20 20 20 20 20 20 20 30 2E 30 0D 47 52     P4       0.0.GR
4F 53 53 20 57 45 49 47 48 54 20 20 20 20 31 31    OSS WEIGHT    11
35 32 2E 35 0D 4E 45 54 20 57 45 49 47 48 54 20    52.5.NET WEIGHT 
20 20 20 20 20 20 20 33 36 2E 30 0D 54 41 52 45           36.0.TARE
20 20 20 20 20 20 31 31 31 36 2E 35 0D 44 41 54          1116.5.DAT
45 20 26 20 54 49 4D 45 20 4A 41 4E 2E 20 31 34    E & TIME JAN. 14
2C 32 30 32 34 20 20 30 36 3A 33 34 41 4D 0D 53    ,2024  06:34AM.S
43 41 4C 45 20 4E 4F 20 31 0D 53 54 41 54 55 53    CALE NO 1.STATUS
20 83 2A 0D 0A 53 45 54 20 50 31 28 57 29 20 20     .*..SET P1(W)  
20 20 20 20 20 30 2E 30 0D 53 45 54 20 50 32 20         0.0.SET P2 
20 20 20 20 20 20 30 2E 30 0D 53 45 54 20 50 33          0.0.SET P3
20 20 20 20 20 20 20 30 2E 30 0D 53 45 54 20 50           0.0.SET P
34 20 20 20 20 20 20 20 30 2E 30 0D 47 52 4F 53    4       0.0.GROS
53 20 57 45 49 47 48 54 20 20 20 20 31 31 35 32    S WEIGHT    1152
2E 35 0D 4E 45 54 20 57 45 49 47 48 54 20 20 20    .5.NET WEIGHT   
20 20 20 20 20 33 36 2E 30 0D 54 41 52 45 20 20         36.0.TARE  
20 20 20 20 31 31 31 36 2E 35 0D 44 41 54 45 20        1116.5.DATE 
26 20 54 49 4D 45 20 4A 41 4E 2E 20 31 34 2C 32    & TIME JAN. 14,2
30 32 34 20 20 30 36 3A 33 34 41 4D 0D 53 43 41    024  06:34AM.SCA
4C 45 20 4E 4F 20 31 0D 53 54 41 54 55 53 20 83    LE NO 1.STATUS .
2A 0D 0A 53 45 54 20 50 31 28 57 29 20 20 20 20    *..SET P1(W)    
20 20 20 30 2E 30 0D 53 45 54 20 50 32 20 20 20       0.0.SET P2   
20 20 20 20 30 2E 30 0D 53 45 54 20 50 33 20 20        0.0.SET P3  
20 20 20 20 20 30 2E 30 0D 53 45 54 20 50 34 20         0.0.SET P4 
20 20 20 20 20 20 30 2E 30 0D 47 52 4F 53 53 20          0.0.GROSS 
57 45 49 47 48 54 20 20 20 20 31 31 35 33 2E 30    WEIGHT    1153.0
0D 4E 45 54 20 57 45 49 47 48 54 20 20 20 20 20    .NET WEIGHT     
20 20 20 33 36 2E 35 0D 54 41 52 45 20 20 20 20       36.5.TARE    
20 20 31 31 31 36 2E 35 0D 44 41 54 45 20 26 20      1116.5.DATE & 
54 49 4D 45 20 4A 41 4E 2E 20 31 34 2C 32 30 32    TIME JAN. 14,202
34 20 20 30 36 3A 33 34 41 4D 0D 53 43 41 4C 45    4  06:34AM.SCALE
20 4E 4F 20 31 0D 53 54 41 54 55 53 20 81 2A 0D     NO 1.STATUS .*.
0A 53 45 54 20 50 31 28 57 29 20 20 20 20 20 20    .SET P1(W)      
20 30 2E 30 0D 53 45 54 20 50 32 20 20 20 20 20     0.0.SET P2     
20 20 30 2E 30 0D 53 45 54 20 50 33 20 20 20 20      0.0.SET P3    
20 20 20 30 2E 30 0D 53 45 54 20 50 34 20 20 20       0.0.SET P4   
20 20 20 20 30 2E 30 0D 47 52 4F 53 53 20 57 45        0.0.GROSS WE
49 47 48 54 20 20 20 20 31 31 35 33 2E 30 0D 4E    IGHT    1153.0.N
45 54 20 57 45 49 47 48 54 20 20 20 20 20 20 20    ET WEIGHT       
20 33 36 2E 35 0D 54 41 52 45 20 20 20 20 20 20     36.5.TARE      
31 31 31 36 2E 35 0D 44 41 54 45 20 26 20 54 49    1116.5.DATE & TI
4D 45 20 4A 41 4E 2E 20 31 34 2C 32 30 32 34 20    ME JAN. 14,2024 
20 30 36 3A 33 34 41 4D 0D 53 43 41 4C 45 20 4E     06:34AM.SCALE N
4F 20 31 0D 53 54 41 54 55 53 20 81 2A 0D 0A 53    O 1.STATUS .*..S
45 54 20 50 31 28 57 29 20 20 20 20 20 20 20 30    ET P1(W)       0
2E 30 0D 53 45 54 20 50 32 20 20 20 20 20 20 20    .0.SET P2       
30 2E 30 0D 53 45 54 20 50 33 20 20 20 20 20 20    0.0.SET P3      
20 30 2E 30 0D 53 45 54 20 50 34 20 20 20 20 20     0.0.SET P4     
20 20 30 2E 30 0D 47 52 4F 53 53 20 57 45 49 47      0.0.GROSS WEIG
48 54 20 20 20 20 31 31 35 32 2E 35 0D 4E 45 54    HT    1152.5.NET
20 57 45 49 47 48 54 20 20 20 20 20 20 20 20 33     WEIGHT        3
36 2E 30 0D 54 41 52 45 20 20 20 20 20 20 31 31    6.0.TARE      11
31 36 2E 35 0D 44 41 54 45 20 26 20 54 49 4D 45    16.5.DATE & TIME
20 4A 41 4E 2E 20 31 34 2C 32 30 32 34 20 20 30     JAN. 14,2024  0
36 3A 33 34 41 4D 0D 53 43 41 4C 45 20 4E 4F 20    6:34AM.SCALE NO 
31 0D 53 54 41 54 55 53 20 81 2A 0D 0A 53 45 54    1.STATUS .*..SET
20 50 31 28 57 29 20 20 20 20 20 20 20 30 2E 30     P1(W)       0.0
0D 53 45 54 20 50 32 20 20 20 20 20 20 20 30 2E    .SET P2       0.
30 0D 53 45 54 20 50 33 20 20 20 20 20 20 20 30    0.SET P3       0
2E 30 0D 53 45 54 20 50 34 20 20 20 20 20 20 20    .0.SET P4       
30 2E 30 0D 47 52 4F 53 53 20 57 45 49 47 48 54    0.0.GROSS WEIGHT
20 20 20 20 31 31 35 33 2E 30 0D 4E 45 54 20 57        1153.0.NET W
45 49 47 48 54 20 20 20 20 20 20 20 20 33 36 2E    EIGHT        36.
35 0D 54 41 52 45 20 20 20 20 20 20 31 31 31 36    5.TARE      1116
2E 35 0D 44 41 54 45 20 26 20 54 49 4D 45 20 4A    .5.DATE & TIME J
41 4E 2E 20 31 34 2C 32 30 32 34 20 20 30 36 3A    AN. 14,2024  06:
33 34 41 4D 0D 53 43 41 4C 45 20 4E 4F 20 31 0D    34AM.SCALE NO 1.
53 54 41 54 55 53 20 83 2A 0D 0A 53 45 54 20 50    STATUS .*..SET P
31 28 57 29 20 20 20 20 20 20 20 30 2E 30 0D 53    1(W)       0.0.S
45 54 20 50 32 20 20 20 20 20 20 20 30 2E 30 0D    ET P2       0.0.
53 45 54 20 50 33 20 20 20 20 20 20 20 30 2E 30    SET P3       0.0
0D 53 45 54 20 50 34 20 20 20 20 20 20 20 30 2E    .SET P4       0.
30 0D 47 52 4F 53 53 20 57 45 49 47 48 54 20 20    0.GROSS WEIGHT  
20 20 31 31 35 33 2E 30 0D 4E 45 54 20 57 45 49      1153.0.NET WEI
47 48 54 20 20 20 20 20 20 20 20 33 36 2E 35 0D    GHT        36.5.
54 41 52 45 20 20 20 20 20 20 31 31 31 36 2E 35    TARE      1116.5
0D 44 41 54 45 20 26 20 54 49 4D 45 20 4A 41 4E    .DATE & TIME JAN
2E 20 31 34 2C 32 30 32 34 20 20 30 36 3A 33 34    . 14,2024  06:34
41 4D 0D 53 43 41 4C 45 20 4E 4F 20 31 0D 53 54    AM.SCALE NO 1.ST
41 54 55 53 20 83 2A 0D 0A 53 45 54 20 50 31 28    ATUS .*..SET P1(
57 29 20 20 20 20 20 20 20 30 2E 30 0D 53 45 54    W)       0.0.SET
20 50 32 20 20 20 20 20 20 20 30 2E 30 0D 53 45     P2       0.0.SE
54 20 50 33 20 20 20 20 20 20 20 30 2E 30 0D 53    T P3       0.0.S
45 54 20 50 34 20 20 20 20 20 20 20 30 2E 30 0D    ET P4       0.0.
47 52 4F 53 53 20 57 45 49 47 48 54 20 20 20 20    GROSS WEIGHT    
31 31 35 33 2E 30 0D 4E 45 54 20 57 45 49 47 48    1153.0.NET WEIGH
54 20 20 20 20 20 20 20 20 33 36 2E 35 0D 54 41    T        36.5.TA
52 45 20 20 20 20 20 20 31 31 31 36 2E 35 0D 44    RE      1116.5.D
41 54 45 20 26 20 54 49 4D 45 20 4A 41 4E 2E 20    ATE & TIME JAN. 
31 34 2C 32 30 32 34 20 20 30 36 3A 33 34 41 4D    14,2024  06:34AM
0D 53 43 41 4C 45 20 4E 4F 20 31 0D 53 54 41 54    .SCALE NO 1.STAT
55 53 20 83 2A 0D 0A 53 45 54 20 50 31 28 57 29    US .*..SET P1(W)
20 20 20 20 20 20 20 30 2E 30 0D 53 45 54 20 50           0.0.SET P
32 20 20 20 20 20 20 20 30 2E 30 0D 53 45 54 20    2       0.0.SET 
50 33 20 20 20 20 20 20 20 30 2E 30 0D 53 45 54    P3       0.0.SET
20 50 34 20 20 20 20 20 20 20 30 2E 30 0D 47 52     P4       0.0.GR
4F 53 53 20 57 45 49 47 48 54 20 20 20 20 31 31    OSS WEIGHT    11
35 33 2E 30 0D 4E 45 54 20 57 45 49 47 48 54 20    53.0.NET WEIGHT 
20 20 20 20 20 20 20 33 36 2E 35 0D 54 41 52 45           36.5.TARE
20 20 20 20 20 20 31 31 31 36 2E 35 0D 44 41 54          1116.5.DAT
45 20 26 20 54 49 4D 45 20 4A 41 4E 2E 20 31 34    E & TIME JAN. 14
2C 32 30 32 34 20 20 30 36 3A 33 34 41 4D 0D 53    ,2024  06:34AM.S
43 41 4C 45 20 4E 4F 20 31 0D 53 54 41 54 55 53    CALE NO 1.STATUS
20 83 2A 0D 0A 53 45 54 20 50 31 28 57 29 20 20     .*..SET P1(W)  
20 20 20 20 20 30 2E 30 0D 53 45 54 20 50 32 20         0.0.SET P2 
20 20 20 20 20 20 30 2E 30 0D 53 45 54 20 50 33          0.0.SET P3
20 20 20 20 20 20 20 30 2E 30 0D 53 45 54 20 50           0.0.SET P
34 20 20 20 20 20 20 20 30 2E 30 0D 47 52 4F 53    4       0.0.GROS
53 20 57 45 49 47 48 54 20 20 20 20 31 31 35 33    S WEIGHT    1153
2E 30 0D 4E 45 54 20 57 45 49 47 48 54 20 20 20    .0.NET WEIGHT   
20 20 20 20 20 33 36 2E 35 0D 54 41 52 45 20 20         36.5.TARE  
20 20 20 20 31 31 31 36 2E 35 0D 44 41 54 45 20        1116.5.DATE 
26 20 54 49 4D 45 20 4A 41 4E 2E 20 31 34 2C 32    & TIME JAN. 14,2
30 32 34 20 20 30 36 3A 33 34 41 4D 0D 53 43 41    024  06:34AM.SCA
4C 45 20 4E 4F 20 31 0D 53 54 41 54 55 53 20 81    LE NO 1.STATUS .
2A 0D 0A 53 45 54 20 50 31 28 57 29 20 20 20 20    *..SET P1(W)    
20 20 20 30 2E 30 0D 53 45 54 20 50 32 20 20 20       0.0.SET P2   
20 20 20 20 30 2E 30 0D 53 45 54 20 50 33 20 20        0.0.SET P3  
20 20 20 20 20 30 2E 30 0D 53 45 54 20 50 34 20         0.0.SET P4 
20 20 20 20 20 20 30 2E 30 0D 47 52 4F 53 53 20          0.0.GROSS 
57 45 49 47 48 54 20 20 20 20 31 31 35 33 2E 30    WEIGHT    1153.0
0D 4E 45 54 20 57 45 49 47 48 54 20 20 20 20 20    .NET WEIGHT     
20 20 20 33 36 2E 35 0D 54 41 52 45 20 20 20 20       36.5.TARE    
20 20 31 31 31 36 2E 35 0D 44 41 54 45 20 26 20      1116.5.DATE & 
54 49 4D 45 20 4A 41 4E 2E 20 31 34 2C 32 30 32    TIME JAN. 14,202
34 20 20 30 36 3A 33 34 41 4D 0D 53 43 41 4C 45    4  06:34AM.SCALE
20 4E 4F 20 31 0D 53 54 41 54 55 53 20 81 2A 0D     NO 1.STATUS .*.
0A 53 45 54 20 50 31 28 57 29 20 20 20 20 20 20    .SET P1(W)      
20 30 2E 30 0D 53 45 54 20 50 32 20 20 20 20 20     0.0.SET P2     
20 20 30 2E 30 0D 53 45 54 20 50 33 20 20 20 20      0.0.SET P3    
20 20 20 30 2E 30 0D 53 45 54 20 50 34 20 20 20       0.0.SET P4   
20 20 20 20 30 2E 30 0D 47 52 4F 53 53 20 57 45        0.0.GROSS WE
49 47 48 54 20 20 20 20 31 31 35 33 2E 30 0D 4E    IGHT    1153.0.N
45 54 20 57 45 49 47 48 54 20 20 20 20 20 20 20    ET WEIGHT       
20 33 36 2E 35 0D 54 41 52 45 20 20 20 20 20 20     36.5.TARE      
31 31 31 36 2E 35 0D 44 41 54 45 20 26 20 54 49    1116.5.DATE & TI
4D 45 20 4A 41 4E 2E 20 31 34 2C 32 30 32 34 20    ME JAN. 14,2024 
20 30 36 3A 33 34 41 4D 0D 53 43 41 4C 45 20 4E     06:34AM.SCALE N
4F 20 31 0D 53 54 41 54 55 53 20 81 2A 0D 0A 53    O 1.STATUS .*..S
45 54 20 50 31 28 57 29 20 20 20 20 20 20 20 30    ET P1(W)       0
2E 30 0D 53 45 54 20 50 32 20 20 20 20 20 20 20    .0.SET P2       
30 2E 30 0D 53 45 54 20 50 33 20 20 20 20 20 20    0.0.SET P3      
20 30 2E 30 0D 53 45 54 20 50 34 20 20 20 20 20     0.0.SET P4     
20 20 30 2E 30 0D 47 52 4F 53 53 20 57 45 49 47      0.0.GROSS WEIG
48 54 20 20 20 20 31 31 35 33 2E 30 0D 4E 45 54    HT    1153.0.NET
20 57 45 49 47 48 54 20 20 20 20 20 20 20 20 33     WEIGHT        3
36 2E 35 0D 54 41 52 45 20 20 20 20 20 20 31 31    6.5.TARE      11
31 36 2E 35 0D 44 41 54 45 20 26 20 54 49 4D 45    16.5.DATE & TIME
20 4A 41 4E 2E 20 31 34 2C 32 30 32 34 20 20 30     JAN. 14,2024  0
36 3A 33 34 41 4D 0D 53 43 41 4C 45 20 4E 4F 20    6:34AM.SCALE NO 
31 0D 53 54 41 54 55 53 20 83 2A 0D 0A 53 45 54    1.STATUS .*..SET
20 50 31 28 57 29 20 20 20 20 20 20 20 30 2E 30     P1(W)       0.0
0D 53 45 54 20 50 32 20 20 20 20 20 20 20 30 2E    .SET P2       0.
30 0D 53 45 54 20 50 33 20 20 20 20 20 20 20 30    0.SET P3       0
2E 30 0D 53 45 54 20 50 34 20 20 20 20 20 20 20    .0.SET P4       
30 2E 30 0D 47 52 4F 53 53 20 57 45 49 47 48 54    0.0.GROSS WEIGHT
20 20 20 20 31 31 35 33 2E 30 0D 4E 45 54 20 57        1153.0.NET W
45 49 47 48 54 20 20 20 20 20 20 20 20 33 36 2E    EIGHT        36.
35 0D 54 41 52 45 20 20 20 20 20 20 31 31 31 36    5.TARE      1116
2E 35 0D 44 41 54 45 20 26 20 54 49 4D 45 20 4A    .5.DATE & TIME J
41 4E 2E 20 31 34 2C 32 30 32 34 20 20 30 36 3A    AN. 14,2024  06:
33 34 41 4D 0D 53 43 41 4C 45 20 4E 4F 20 31 0D    34AM.SCALE NO 1.
53 54 41 54 55 53 20 83 2A 0D 0A 53 45 54 20 50    STATUS .*..SET P
31 28 57 29 20 20 20 20 20 20 20 30 2E 30 0D 53    1(W)       0.0.S
45 54 20 50 32 20 20 20 20 20 20 20 30 2E 30 0D    ET P2       0.0.
53 45 54 20 50 33 20 20 20 20 20 20 20 30 2E 30    SET P3       0.0
0D 53 45 54 20 50 34 20 20 20 20 20 20 20 30 2E    .SET P4       0.
30 0D 47 52 4F 53 53 20 57 45 49 47 48 54 20 20    0.GROSS WEIGHT  
20 20 31 31 35 33 2E 30 0D 4E 45 54 20 57 45 49      1153.0.NET WEI
47 48 54 20 20 20 20 20 20 20 20 33 36 2E 35 0D    GHT        36.5.
54 41 52 45 20 20 20 20 20 20 31 31 31 36 2E 35    TARE      1116.5
0D 44 41 54 45 20 26 20 54 49 4D 45 20 4A 41 4E    .DATE & TIME JAN
2E 20 31 34 2C 32 30 32 34 20 20 30 36 3A 33 34    . 14,2024  06:34
41 4D 0D 53 43 41 4C 45 20 4E 4F 20 31 0D 53 54    AM.SCALE NO 1.ST
41 54 55 53 20 83 2A 0D 0A 53 45 54 20 50 31 28    ATUS .*..SET P1(
57 29 20 20 20 20 20 20 20 30 2E 30 0D 53 45 54    W)       0.0.SET
20 50 32 20 20 20 20 20 20 20 30 2E 30 0D 53 45     P2       0.0.SE
54 20 50 33 20 20 20 20 20 20 20 30 2E 30 0D 53    T P3       0.0.S
45 54 20 50 34 20 20 20 20 20 20 20 30 2E 30 0D    ET P4       0.0.
47 52 4F 53 53 20 57 45 49 47 48 54 20 20 20 20    GROSS WEIGHT    
31 31 35 33 2E 35 0D 4E 45 54 20 57 45 49 47 48    1153.5.NET WEIGH
54 20 20 20 20 20 20 20 20 33 37 2E 30 0D 54 41    T        37.0.TA
52 45 20 20 20 20 20 20 31 31 31 36 2E 35 0D 44    RE      1116.5.D
41 54 45 20 26 20 54 49 4D 45 20 4A 41 4E 2E 20    ATE & TIME JAN. 
31 34 2C 32 30 32 34 20 20 30 36 3A 33 34 41 4D    14,2024  06:34AM
0D 53 43 41 4C 45 20 4E 4F 20 31 0D 53 54 41 54    .SCALE NO 1.STAT
55 53 20 81 2A 0D 0A 53 45 54 20 50 31 28 57 29    US .*..SET P1(W)
20 20 20 20 20 20 20 30 2E 30 0D 53 45 54 20 50           0.0.SET P
32 20 20 20 20 20 20 20 30 2E 30 0D 53 45 54 20    2       0.0.SET 
50 33 20 20 20 20 20 20 20 30 2E 30 0D 53 45 54    P3       0.0.SET
20 50 34 20 20 20 20 20 20 20 30 2E 30 0D 47 52     P4       0.0.GR
4F 53 53 20 57 45 49 47 48 54 20 20 20 20 31 31    OSS WEIGHT    11
35 33 2E 30 0D 4E 45 54 20 57 45 49 47 48 54 20    53.0.NET WEIGHT 
20 20 20 20 20 20 20 33 36 2E 35 0D 54 41 52 45           36.5.TARE
20 20 20 20 20 20 31 31 31 36 2E 35 0D 44 41 54          1116.5.DAT
45 20 26 20 54 49 4D 45 20 4A 41 4E 2E 20 31 34    E & TIME JAN. 14
2C 32 30 32 34 20 20 30 36 3A 33 34 41 4D 0D 53    ,2024  06:34AM.S
43 41 4C 45 20 4E 4F 20 31 0D 53 54 41 54 55 53    CALE NO 1.STATUS
20 81 2A 0D 0A 53 45 54 20 50 31 28 57 29 20 20     .*..SET P1(W)  
20 20 20 20 20 30 2E 30 0D 53 45 54 20 50 32 20         0.0.SET P2 
20 20 20 20 20 20 30 2E 30 0D 53 45 54 20 50 33          0.0.SET P3
20 20 20 20 20 20 20 30 2E 30 0D 53 45 54 20 50           0.0.SET P
34 20 20 20 20 20 20 20 30 2E 30 0D 47 52 4F 53    4       0.0.GROS
53 20 57 45 49 47 48 54 20 20 20 20 31 31 35 33    S WEIGHT    1153
2E 30 0D 4E 45 54 20 57 45 49 47 48 54 20 20 20    .0.NET WEIGHT   
20 20 20 20 20 33 36 2E 35 0D 54 41 52 45 20 20         36.5.TARE  
20 20 20 20 31 31 31 36 2E 35 0D 44 41 54 45 20        1116.5.DATE 
26 20 54 49 4D 45 20 4A 41 4E 2E 20 31 34 2C 32    & TIME JAN. 14,2
30 32 34 20 20 30 36 3A 33 34 41 4D 0D 53 43 41    024  06:34AM.SCA
4C 45 20 4E 4F 20 31 0D 53 54 41 54 55 53 20 81    LE NO 1.STATUS .
2A 0D 0A 53 45 54 20 50 31 28 57 29 20 20 20 20    *..SET P1(W)    
20 20 20 30 2E 30 0D 53 45 54 20 50 32 20 20 20       0.0.SET P2   
20 20 20 20 30 2E 30 0D 53 45 54 20 50 33 20 20        0.0.SET P3  
20 20 20 20 20 30 2E 30 0D 53 45 54 20 50 34 20         0.0.SET P4 
20 20 20 20 20 20 30 2E 30 0D 47 52 4F 53 53 20          0.0.GROSS 
57 45 49 47 48 54 20 20 20 20 31 31 35 33 2E 30    WEIGHT    1153.0
0D 4E 45 54 20 57 45 49 47 48 54 20 20 20 20 20    .NET WEIGHT     
20 20 20 33 36 2E 35 0D 54 41 52 45 20 20 20 20       36.5.TARE    
20 20 31 31 31 36 2E 35 0D 44 41 54 45 20 26 20      1116.5.DATE & 
54 49 4D 45 20 4A 41 4E 2E 20 31 34 2C 32 30 32    TIME JAN. 14,202
34 20 20 30 36 3A 33 34 41 4D 0D 53 43 41 4C 45    4  06:34AM.SCALE
20 4E 4F 20 31 0D 53 54 41 54 55 53 20 83 2A 0D     NO 1.STATUS .*.
0A 53 45 54 20 50 31 28 57 29 20 20 20 20 20 20    .SET P1(W)      
20 30 2E 30 0D 53 45 54 20 50 32 20 20 20 20 20     0.0.SET P2     
20 20 30 2E 30 0D 53 45 54 20 50 33 20 20 20 20      0.0.SET P3    
20 20 20 30 2E 30 0D 53 45 54 20 50 34 20 20 20       0.0.SET P4   
20 20 20 20 30 2E 30 0D 47 52 4F 53 53 20 57 45        0.0.GROSS WE
49 47 48 54 20 20 20 20 31 31 35 33 2E 35 0D 4E    IGHT    1153.5.N
45 54 20 57 45 49 47 48 54 20 20 20 20 20 20 20    ET WEIGHT       
20 33 37 2E 30 0D 54 41 52 45 20 20 20 20 20 20     37.0.TARE      
31 31 31 36 2E 35 0D 44 41 54 45 20 26 20 54 49    1116.5.DATE & TI
4D 45 20 4A 41 4E 2E 20 31 34 2C 32 30 32 34 20    ME JAN. 14,2024 
20 30 36 3A 33 34 41 4D 0D 53 43 41 4C 45 20 4E     06:34AM.SCALE N
4F 20 31 0D 53 54 41 54 55 53 20 81 2A 0D 0A 53    O 1.STATUS .*..S
45 54 20 50 31 28 57 29 20 20 20 20 20 20 20 30    ET P1(W)       0
2E 30 0D 53 45 54 20 50 32 20 20 20 20 20 20 20    .0.SET P2       
30 2E 30 0D 53 45 54 20 50 33 20 20 20 20 20 20    0.0.SET P3      
20 30 2E 30 0D 53 45 54 20 50 34 20 20 20 20 20     0.0.SET P4     
20 20 30 2E 30 0D 47 52 4F 53 53 20 57 45 49 47      0.0.GROSS WEIG
48 54 20 20 20 20 31 31 35 33 2E 35 0D 4E 45 54    HT    1153.5.NET
20 57 45 49 47 48 54 20 20 20 20 20 20 20 20 33     WEIGHT        3
37 2E 30 0D 54 41 52 45 20 20 20 20 20 20 31 31    7.0.TARE      11
31 36 2E 35 0D 44 41 54 45 20 26 20 54 49 4D 45    16.5.DATE & TIME
20 4A 41 4E 2E 20 31 34 2C 32 30 32 34 20 20 30     JAN. 14,2024  0
36 3A 33 34 41 4D 0D 53 43 41 4C 45 20 4E 4F 20    6:34AM.SCALE NO 
31 0D 53 54 41 54 55 53 20 81 2A 0D 0A 53 45 54    1.STATUS .*..SET
20 50 31 28 57 29 20 20 20 20 20 20 20 30 2E 30     P1(W)       0.0
0D 53 45 54 20 50 32 20 20 20 20 20 20 20 30 2E    .SET P2       0.
30 0D 53 45 54 20 50 33 20 20 20 20 20 20 20 30    0.SET P3       0
2E 30 0D 53 45 54 20 50 34 20 20 20 20 20 20 20    .0.SET P4       
30 2E 30 0D 47 52 4F 53 53 20 57 45 49 47 48 54    0.0.GROSS WEIGHT
20 20 20 20 31 31 35 33 2E 35 0D 4E 45 54 20 57        1153.5.NET W
45 49 47 48 54 20 20 20 20 20 20 20 20 33 37 2E    EIGHT        37.
30 0D 54 41 52 45 20 20 20 20 20 20 31 31 31 36    0.TARE      1116
2E 35 0D 44 41 54 45 20 26 20 54 49 4D 45 20 4A    .5.DATE & TIME J
41 4E 2E 20 31 34 2C 32 30 32 34 20 20 30 36 3A    AN. 14,2024  06:
33 34 41 4D 0D 53 43 41 4C 45 20 4E 4F 20 31 0D    34AM.SCALE NO 1.
53 54 41 54 55 53 20 81 2A 0D 0A 53 45 54 20 50    STATUS .*..SET P
31 28 57 29 20 20 20 20 20 20 20 30 2E 30 0D 53    1(W)       0.0.S
45 54 20 50 32 20 20 20 20 20 20 20 30 2E 30 0D    ET P2       0.0.
53 45 54 20 50 33 20 20 20 20 20 20 20 30 2E 30    SET P3       0.0
0D 53 45 54 20 50 34 20 20 20 20 20 20 20 30 2E    .SET P4       0.
30 0D 47 52 4F 53 53 20 57 45 49 47 48 54 20 20    0.GROSS WEIGHT  
20 20 31 31 35 33 2E 35 0D 4E 45 54 20 57 45 49      1153.5.NET WEI
47 48 54 20 20 20 20 20 20 20 20 33 37 2E 30 0D    GHT        37.0.
54 41 52 45 20 20 20 20 20 20 31 31 31 36 2E 35    TARE      1116.5
0D 44 41 54 45 20 26 20 54 49 4D 45 20 4A 41 4E    .DATE & TIME JAN
2E 20 31 34 2C 32 30 32 34 20 20 30 36 3A 33 34    . 14,2024  06:34
41 4D 0D 53 43 41 4C 45 20 4E 4F 20 31 0D 53 54    AM.SCALE NO 1.ST
41 54 55 53 20 81 2A 0D 0A 53 45 54 20 50 31 28    ATUS .*..SET P1(
57 29 20 20 20 20 20 20 20 30 2E 30 0D 53 45 54    W)       0.0.SET
20 50 32 20 20 20 20 20 20 20 30 2E 30 0D 53 45     P2       0.0.SE
54 20 50 33 20 20 20 20 20 20 20 30 2E 30 0D 53    T P3       0.0.S
45 54 20 50 34 20 20 20 20 20 20 20 30 2E 30 0D    ET P4       0.0.
47 52 4F 53 53 20 57 45 49 47 48 54 20 20 20 20    GROSS WEIGHT    
31 31 35 33 2E 35 0D 4E 45 54 20 57 45 49 47 48    1153.5.NET WEIGH
54 20 20 20 20 20 20 20 20 33 37 2E 30 0D 54 41    T        37.0.TA
52 45 20 20 20 20 20 20 31 31 31 36 2E 35 0D 44    RE      1116.5.D
41 54 45 20 26 20 54 49 4D 45 20 4A 41 4E 2E 20    ATE & TIME JAN. 
31 34 2C 32 30 32 34 20 20 30 36 3A 33 34 41 4D    14,2024  06:34AM
0D 53 43 41 4C 45 20 4E 4F 20 31 0D 53 54 41 54    .SCALE NO 1.STAT
55 53 20 81 2A 0D 0A 53 45 54 20 50 31 28 57 29    US .*..SET P1(W)
20 20 20 20 20 20 20 30 2E 30 0D 53 45 54 20 50           0.0.SET P
32 20 20 20 20 20 20 20 30 2E 30 0D 53 45 54 20    2       0.0.SET 
50 33 20 20 20 20 20 20 20 30 2E 30 0D 53 45 54    P3       0.0.SET
20 50 34 20 20 20 20 20 20 20 30 2E 30 0D 47 52     P4       0.0.GR
4F 53 53 20 57 45 49 47 48 54 20 20 20 20 31 31    OSS WEIGHT    11
35 33 2E 35 0D 4E 45 54 20 57 45 49 47 48 54 20    53.5.NET WEIGHT 
20 20 20 20 20 20 20 33 37 2E 30 0D 54 41 52 45           37.0.TARE
20 20 20 20 20 20 31 31 31 36 2E 35 0D 44 41 54          1116.5.DAT
45 20 26 20 54 49 4D 45 20 4A 41 4E 2E 20 31 34    E & TIME JAN. 14
2C 32 30 32 34 20 20 30 36 3A 33 34 41 4D 0D 53    ,2024  06:34AM.S
43 41 4C 45 20 4E 4F 20 31 0D 53 54 41 54 55 53    CALE NO 1.STATUS
20 81 2A 0D 0A 53 45 54 20 50 31 28 57 29 20 20     .*..SET P1(W)  
20 20 20 20 20 30 2E 30 0D 53 45 54 20 50 32 20         0.0.SET P2 
20 20 20 20 20 20 30 2E 30 0D 53 45 54 20 50 33          0.0.SET P3
20 20 20 20 20 20 20 30 2E 30 0D 53 45 54 20 50           0.0.SET P
34 20 20 20 20 20 20 20 30 2E 30 0D 47 52 4F 53    4       0.0.GROS
53 20 57 45 49 47 48 54 20 20 20 20 31 31 35 33    S WEIGHT    1153
2E 35 0D 4E 45 54 20 57 45 49 47 48 54 20 20 20    .5.NET WEIGHT   
20 20 20 20 20 33 37 2E 30 0D 54 41 52 45 20 20         37.0.TARE  
20 20 20 20 31 31 31 36 2E 35 0D 44 41 54 45 20        1116.5.DATE 
26 20 54 49 4D 45 20 4A 41 4E 2E 20 31 34 2C 32    & TIME JAN. 14,2
30 32 34 20 20 30 36 3A 33 34 41 4D 0D 53 43 41    024  06:34AM.SCA
4C 45 20 4E 4F 20 31 0D 53 54 41 54 55 53 20 83    LE NO 1.STATUS .
2A 0D 0A 53 45 54 20 50 31 28 57 29 20 20 20 20    *..SET P1(W)    
20 20 20 30 2E 30 0D 53 45 54 20 50 32 20 20 20       0.0.SET P2   
20 20 20 20 30 2E 30 0D 53 45 54 20 50 33 20 20        0.0.SET P3  
20 20 20 20 20 30 2E 30 0D 53 45 54 20 50 34 20         0.0.SET P4 
20 20 20 20 20 20 30 2E 30 0D 47 52 4F 53 53 20          0.0.GROSS 
57 45 49 47 48 54 20 20 20 20 31 31 35 33 2E 35    WEIGHT    1153.5
0D 4E 45 54 20 57 45 49 47 48 54 20 20 20 20 20    .NET WEIGHT     
20 20 20 33 37 2E 30 0D 54 41 52 45 20 20 20 20       37.0.TARE    
20 20 31 31 31 36 2E 35 0D 44 41 54 45 20 26 20      1116.5.DATE & 
54 49 4D 45 20 4A 41 4E 2E 20 31 34 2C 32 30 32    TIME JAN. 14,202
34 20 20 30 36 3A 33 34 41 4D 0D 53 43 41 4C 45    4  06:34AM.SCALE
20 4E 4F 20 31 0D 53 54 41 54 55 53 20 83 2A 0D     NO 1.STATUS .*.
0A 53 45 54 20 50 31 28 57 29 20 20 20 20 20 20    .SET P1(W)      
20 30 2E 30 0D 53 45 54 20 50 32 20 20 20 20 20     0.0.SET P2     
20 20 30 2E 30 0D 53 45 54 20 50 33 20 20 20 20      0.0.SET P3    
20 20 20 30 2E 30 0D 53 45 54 20 50 34 20 20 20       0.0.SET P4   
20 20 20 20 30 2E 30 0D 47 52 4F 53 53 20 57 45        0.0.GROSS WE
49 47 48 54 20 20 20 20 31 31 35 33 2E 35 0D 4E    IGHT    1153.5.N
45 54 20 57 45 49 47 48 54 20 20 20 20 20 20 20    ET WEIGHT       
20 33 37 2E 30 0D 54 41 52 45 20 20 20 20 20 20     37.0.TARE      
31 31 31 36 2E 35 0D 44 41 54 45 20 26 20 54 49    1116.5.DATE & TI
4D 45 20 4A 41 4E 2E 20 31 34 2C 32 30 32 34 20    ME JAN. 14,2024 
20 30 36 3A 33 34 41 4D 0D 53 43 41 4C 45 20 4E     06:34AM.SCALE N
4F 20 31 0D 53 54 41 54 55 53 20 83 2A 0D 0A 53    O 1.STATUS .*..S
45 54 20 50 31 28 57 29 20 20 20 20 20 20 20 30    ET P1(W)       0
2E 30 0D 53 45 54 20 50 32 20 20 20 20 20 20 20    .0.SET P2       
30 2E 30 0D 53 45 54 20 50 33 20 20 20 20 20 20    0.0.SET P3      
20 30 2E 30 0D 53 45 54 20 50 34 20 20 20 20 20     0.0.SET P4     
20 20 30 2E 30 0D 47 52 4F 53 53 20 57 45 49 47      0.0.GROSS WEIG
48 54 20 20 20 20 31 31 35 33 2E 35 0D 4E 45 54    HT    1153.5.NET
20 57 45 49 47 48 54 20 20 20 20 20 20 20 20 33     WEIGHT        3
37 2E 30 0D 54 41 52 45 20 20 20 20 20 20 31 31    7.0.TARE      11
31 36 2E 35 0D 44 41 54 45 20 26 20 54 49 4D 45    16.5.DATE & TIME
20 4A 41 4E 2E 20 31 34 2C 32 30 32 34 20 20 30     JAN. 14,2024  0
36 3A 33 34 41 4D 0D 53 43 41 4C 45 20 4E 4F 20    6:34AM.SCALE NO 
31 0D 53 54 41 54 55 53 20 83 2A 0D 0A 53 45 54    1.STATUS .*..SET
20 50 31 28 57 29 20 20 20 20 20 20 20 30 2E 30     P1(W)       0.0
0D 53 45 54 20 50 32 20 20 20 20 20 20 20 30 2E    .SET P2       0.
30 0D 53 45 54 20 50 33 20 20 20 20 20 20 20 30    0.SET P3       0
2E 30 0D 53 45 54 20 50 34 20 20 20 20 20 20 20    .0.SET P4       
30 2E 30 0D 47 52 4F 53 53 20 57 45 49 47 48 54    0.0.GROSS WEIGHT
20 20 20 20 31 31 35 33 2E 35 0D 4E 45 54 20 57        1153.5.NET W
45 49 47 48 54 20 20 20 20 20 20 20 20 33 37 2E    EIGHT        37.
30 0D 54 41 52 45 20 20 20 20 20 20 31 31 31 36    0.TARE      1116
2E 35 0D 44 41 54 45 20 26 20 54 49 4D 45 20 4A    .5.DATE & TIME J
41 4E 2E 20 31 34 2C 32 30 32 34 20 20 30 36 3A    AN. 14,2024  06:
33 34 41 4D 0D 53 43 41 4C 45 20 4E 4F 20 31 0D    34AM.SCALE NO 1.
53 54 41 54 55 53 20 81 2A 0D 0A 53 45 54 20 50    STATUS .*..SET P
31 28 57 29 20 20 20 20 20 20 20 30 2E 30 0D 53    1(W)       0.0.S
45 54 20 50 32 20 20 20 20 20 20 20 30 2E 30 0D    ET P2       0.0.
53 45 54 20 50 33 20 20 20 20 20 20 20 30 2E 30    SET P3       0.0
0D 53 45 54 20 50 34 20 20 20 20 20 20 20 30 2E    .SET P4       0.
30 0D 47 52 4F 53 53 20 57 45 49 47 48 54 20 20    0.GROSS WEIGHT  
20 20 31 31 35 33 2E 35 0D 4E 45 54 20 57 45 49      1153.5.NET WEI
47 48 54 20 20 20 20 20 20 20 20 33 37 2E 30 0D    GHT        37.0.
54 41 52 45 20 20 20 20 20 20 31 31 31 36 2E 35    TARE      1116.5
0D 44 41 54 45 20 26 20 54 49 4D 45 20 4A 41 4E    .DATE & TIME JAN
2E 20 31 34 2C 32 30 32 34 20 20 30 36 3A 33 34    . 14,2024  06:34
41 4D 0D 53 43 41 4C 45 20 4E 4F 20 31 0D 53 54    AM.SCALE NO 1.ST
41 54 55 53 20 81 2A 0D 0A 53 45 54 20 50 31 28    ATUS .*..SET P1(
57 29 20 20 20 20 20 20 20 30 2E 30 0D 53 45 54    W)       0.0.SET
20 50 32 20 20 20 20 20 20 20 30 2E 30 0D 53 45     P2       0.0.SE
54 20 50 33 20 20 20 20 20 20 20 30 2E 30 0D 53    T P3       0.0.S
45 54 20 50 34 20 20 20 20 20 20 20 30 2E 30 0D    ET P4       0.0.
47 52 4F 53 53 20 57 45 49 47 48 54 20 20 20 20    GROSS WEIGHT    
31 31 35 34 2E 30 0D 4E 45 54 20 57 45 49 47 48    1154.0.NET WEIGH
54 20 20 20 20 20 20 20 20 33 37 2E 35 0D 54 41    T        37.5.TA
52 45 20 20 20 20 20 20 31 31 31 36 2E 35 0D 44    RE      1116.5.D
41 54 45 20 26 20 54 49 4D 45 20 4A 41 4E 2E 20    ATE & TIME JAN. 
31 34 2C 32 30 32 34 20 20 30 36 3A 33 34 41 4D    14,2024  06:34AM
0D 53 43 41 4C 45 20 4E 4F 20 31 0D 53 54 41 54    .SCALE NO 1.STAT
55 53 20 81 2A 0D 0A 53 45 54 20 50 31 28 57 29    US .*..SET P1(W)
20 20 20 20 20 20 20 30 2E 30 0D 53 45 54 20 50           0.0.SET P
32 20 20 20 20 20 20 20 30 2E 30 0D 53 45 54 20    2       0.0.SET 
50 33 20 20 20 20 20 20 20 30 2E 30 0D 53 45 54    P3       0.0.SET
20 50 34 20 20 20 20 20 20 20 30 2E 30 0D 47 52     P4       0.0.GR
4F 53 53 20 57 45 49 47 48 54 20 20 20 20 31 31    OSS WEIGHT    11
35 34 2E 30 0D 4E 45 54 20 57 45 49 47 48 54 20    54.0.NET WEIGHT 
20 20 20 20 20 20 20 33 37 2E 35 0D 54 41 52 45           37.5.TARE
20 20 20 20 20 20 31 31 31 36 2E 35 0D 44 41 54          1116.5.DAT
45 20 26 20 54 49 4D 45 20 4A 41 4E 2E 20 31 34    E & TIME JAN. 14
2C 32 30 32 34 20 20 30 36 3A 33 34 41 4D 0D 53    ,2024  06:34AM.S
43 41 4C 45 20 4E 4F 20 31 0D 53 54 41 54 55 53    CALE NO 1.STATUS
20 81 2A 0D 0A 53 45 54 20 50 31 28 57 29 20 20     .*..SET P1(W)  
20 20 20 20 20 30 2E 30 0D 53 45 54 20 50 32 20         0.0.SET P2 
20 20 20 20 20 20 30 2E 30 0D 53 45 54 20 50 33          0.0.SET P3
20 20 20 20 20 20 20 30 2E 30 0D 53 45 54 20 50           0.0.SET P
34 20 20 20 20 20 20 20 30 2E 30 0D 47 52 4F 53    4       0.0.GROS
53 20 57 45 49 47 48 54 20 20 20 20 31 31 35 34    S WEIGHT    1154
2E 30 0D 4E 45 54 20 57 45 49 47 48 54 20 20 20    .0.NET WEIGHT   
20 20 20 20 20 33 37 2E 35 0D 54 41 52 45 20 20         37.5.TARE  
20 20 20 20 31 31 31 36 2E 35 0D 44 41 54 45 20        1116.5.DATE 
26 20 54 49 4D 45 20 4A 41 4E 2E 20 31 34 2C 32    & TIME JAN. 14,2
30 32 34 20 20 30 36 3A 33 34 41 4D 0D 53 43 41    024  06:34AM.SCA
4C 45 20 4E 4F 20 31 0D 53 54 41 54 55 53 20 81    LE NO 1.STATUS .
2A 0D 0A 53 45 54 20 50 31 28 57 29 20 20 20 20    *..SET P1(W)    
20 20 20 30 2E 30 0D 53 45 54 20 50 32 20 20 20       0.0.SET P2   
20 20 20 20 30 2E 30 0D 53 45 54 20 50 33 20 20        0.0.SET P3  
20 20 20 20 20 30 2E 30 0D 53 45 54 20 50 34 20         0.0.SET P4 
20 20 20 20 20 20 30 2E 30 0D 47 52 4F 53 53 20          0.0.GROSS 
57 45 49 47 48 54 20 20 20 20 31 31 35 34 2E 30    WEIGHT    1154.0
0D 4E 45 54 20 57 45 49 47 48 54 20 20 20 20 20    .NET WEIGHT     
20 20 20 33 37 2E 35 0D 54 41 52 45 20 20 20 20       37.5.TARE    
20 20 31 31 31 36 2E 35 0D 44 41 54 45 20 26 20      1116.5.DATE & 
54 49 4D 45 20 4A 41 4E 2E 20 31 34 2C 32 30 32    TIME JAN. 14,202
34 20 20 30 36 3A 33 34 41 4D 0D 53 43 41 4C 45    4  06:34AM.SCALE
20 4E 4F 20 31 0D 53 54 41 54 55 53 20 81 2A 0D     NO 1.STATUS .*.
0A 53 45 54 20 50 31 28 57 29 20 20 20 20 20 20    .SET P1(W)      
20 30 2E 30 0D 53 45 54 20 50 32 20 20 20 20 20     0.0.SET P2     
20 20 30 2E 30 0D 53 45 54 20 50 33 20 20 20 20      0.0.SET P3    
20 20 20 30 2E 30 0D 53 45 54 20 50 34 20 20 20       0.0.SET P4   
20 20 20 20 30 2E 30 0D 47 52 4F 53 53 20 57 45        0.0.GROSS WE
49 47 48 54 20 20 20 20 31 31 35 34 2E 30 0D 4E    IGHT    1154.0.N
45 54 20 57 45 49 47 48 54 20 20 20 20 20 20 20    ET WEIGHT       
20 33 37 2E 35 0D 54 41 52 45 20 20 20 20 20 20     37.5.TARE      
31 31 31 36 2E 35 0D 44 41 54 45 20 26 20 54 49    1116.5.DATE & TI
4D 45 20 4A 41 4E 2E 20 31 34 2C 32 30 32 34 20    ME JAN. 14,2024 
20 30 36 3A 33 34 41 4D 0D 53 43 41 4C 45 20 4E     06:34AM.SCALE N
4F 20 31 0D 53 54 41 54 55 53 20 81 2A 0D 0A 53    O 1.STATUS .*..S
45 54 20 50 31 28 57 29 20 20 20 20 20 20 20 30    ET P1(W)       0
2E 30 0D 53 45 54 20 50 32 20 20 20 20 20 20 20    .0.SET P2       
30 2E 30 0D 53 45 54 20 50 33 20 20 20 20 20 20    0.0.SET P3      
20 30 2E 30 0D 53 45 54 20 50 34 20 20 20 20 20     0.0.SET P4     
20 20 30 2E 30 0D 47 52 4F 53 53 20 57 45 49 47      0.0.GROSS WEIG
48 54 20 20 20 20 31 31 35 34 2E 30 0D 4E 45 54    HT    1154.0.NET
20 57 45 49 47 48 54 20 20 20 20 20 20 20 20 33     WEIGHT        3
37 2E 35 0D 54 41 52 45 20 20 20 20 20 20 31 31    7.5.TARE      11
31 36 2E 35 0D 44 41 54 45 20 26 20 54 49 4D 45    16.5.DATE & TIME
20 4A 41 4E 2E 20 31 34 2C 32 30 32 34 20 20 30     JAN. 14,2024  0
36 3A 33 34 41 4D 0D 53 43 41 4C 45 20 4E 4F 20    6:34AM.SCALE NO 
31 0D 53 54 41 54 55 53 20 81 2A 0D 0A 53 45 54    1.STATUS .*..SET
20 50 31 28 57 29 20 20 20 20 20 20 20 30 2E 30     P1(W)       0.0
0D 53 45 54 20 50 32 20 20 20 20 20 20 20 30 2E    .SET P2       0.
30 0D 53 45 54 20 50 33 20 20 20 20 20 20 20 30    0.SET P3       0
2E 30 0D 53 45 54 20 50 34 20 20 20 20 20 20 20    .0.SET P4       
30 2E 30 0D 47 52 4F 53 53 20 57 45 49 47 48 54    0.0.GROSS WEIGHT
20 20 20 20 31 31 35 34 2E 30 0D 4E 45 54 20 57        1154.0.NET W
45 49 47 48 54 20 20 20 20 20 20 20 20 33 37 2E    EIGHT        37.
35 0D 54 41 52 45 20 20 20 20 20 20 31 31 31 36    5.TARE      1116
2E 35 0D 44 41 54 45 20 26 20 54 49 4D 45 20 4A    .5.DATE & TIME J
41 4E 2E 20 31 34 2C 32 30 32 34 20 20 30 36 3A    AN. 14,2024  06:
33 34 41 4D 0D 53 43 41 4C 45 20 4E 4F 20 31 0D    34AM.SCALE NO 1.
53 54 41 54 55 53 20 81 2A 0D 0A 53 45 54 20 50    STATUS .*..SET P
31 28 57 29 20 20 20 20 20 20 20 30 2E 30 0D 53    1(W)       0.0.S
45 54 20 50 32 20 20 20 20 20 20 20 30 2E 30 0D    ET P2       0.0.
53 45 54 20 50 33 20 20 20 20 20 20 20 30 2E 30    SET P3       0.0
0D 53 45 54 20 50 34 20 20 20 20 20 20 20 30 2E    .SET P4       0.
30 0D 47 52 4F 53 53 20 57 45 49 47 48 54 20 20    0.GROSS WEIGHT  
20 20 31 31 35 34 2E 30 0D 4E 45 54 20 57 45 49      1154.0.NET WEI
47 48 54 20 20 20 20 20 20 20 20 33 37 2E 35 0D    GHT        37.5.
54 41 52 45 20 20 20 20 20 20 31 31 31 36 2E 35    TARE      1116.5
0D 44 41 54 45 20 26 20 54 49 4D 45 20 4A 41 4E    .DATE & TIME JAN
2E 20 31 34 2C 32 30 32 34 20 20 30 36 3A 33 34    . 14,2024  06:34
41 4D 0D 53 43 41 4C 45 20 4E 4F 20 31 0D 53 54    AM.SCALE NO 1.ST
41 54 55 53 20 81 2A 0D 0A 53 45 54 20 50 31 28    ATUS .*..SET P1(
57 29 20 20 20 20 20 20 20 30 2E 30 0D 53 45 54    W)       0.0.SET
20 50 32 20 20 20 20 20 20 20 30 2E 30 0D 53 45     P2       0.0.SE
54 20 50 33 20 20 20 20 20 20 20 30 2E 30 0D 53    T P3       0.0.S
45 54 20 50 34 20 20 20 20 20 20 20 30 2E 30 0D    ET P4       0.0.
47 52 4F 53 53 20 57 45 49 47 48 54 20 20 20 20    GROSS WEIGHT    
31 31 35 34 2E 30 0D 4E 45 54 20 57 45 49 47 48    1154.0.NET WEIGH
54 20 20 20 20 20 20 20 20 33 37 2E 35 0D 54 41    T        37.5.TA
52 45 20 20 20 20 20 20 31 31 31 36 2E 35 0D 44    RE      1116.5.D
41 54 45 20 26 20 54 49 4D 45 20 4A 41 4E 2E 20    ATE & TIME JAN. 
31 34 2C 32 30 32 34 20 20 30 36 3A 33 34 41 4D    14,2024  06:34AM
0D 53 43 41 4C 45 20 4E 4F 20 31 0D 53 54 41 54    .SCALE NO 1.STAT
55 53 20 81 2A 0D 0A 53 45 54 20 50 31 28 57 29    US .*..SET P1(W)
20 20 20 20 20 20 20 30 2E 30 0D 53 45 54 20 50           0.0.SET P
32 20 20 20 20 20 20 20 30 2E 30 0D 53 45 54 20    2       0.0.SET 
50 33 20 20 20 20 20 20 20 30 2E 30 0D 53 45 54    P3       0.0.SET
20 50 34 20 20 20 20 20 20 20 30 2E 30 0D 47 52     P4       0.0.GR
4F 53 53 20 57 45 49 47 48 54 20 20 20 20 31 31    OSS WEIGHT    11
35 34 2E 30 0D 4E 45 54 20 57 45 49 47 48 54 20    54.0.NET WEIGHT 
20 20 20 20 20 20 20 33 37 2E 35 0D 54 41 52 45           37.5.TARE
20 20 20 20 20 20 31 31 31 36 2E 35 0D 44 41 54          1116.5.DAT
45 20 26 20 54 49 4D 45 20 4A 41 4E 2E 20 31 34    E & TIME JAN. 14
2C 32 30 32 34 20 20 30 36 3A 33 34 41 4D 0D 53    ,2024  06:34AM.S
43 41 4C 45 20 4E 4F 20 31 0D 53 54 41 54 55 53    CALE NO 1.STATUS
20 81 2A 0D 0A 53 45 54 20 50 31 28 57 29 20 20     .*..SET P1(W)  
20 20 20 20 20 30 2E 30 0D 53 45 54 20 50 32 20         0.0.SET P2 
20 20 20 20 20 20 30 2E 30 0D 53 45 54 20 50 33          0.0.SET P3
20 20 20 20 20 20 20 30 2E 30 0D 53 45 54 20 50           0.0.SET P
34 20 20 20 20 20 20 20 30 2E 30 0D 47 52 4F 53    4       0.0.GROS
53 20 57 45 49 47 48 54 20 20 20 20 31 31 35 34    S WEIGHT    1154
2E 30 0D 4E 45 54 20 57 45 49 47 48 54 20 20 20    .0.NET WEIGHT   
20 20 20 20 20 33 37 2E 35 0D 54 41 52 45 20 20         37.5.TARE  
20 20 20 20 31 31 31 36 2E 35 0D 44 41 54 45 20        1116.5.DATE 
26 20 54 49 4D 45 20 4A 41 4E 2E 20 31 34 2C 32    & TIME JAN. 14,2
30 32 34 20 20 30 36 3A 33 34 41 4D 0D 53 43 41    024  06:34AM.SCA
4C 45 20 4E 4F 20 31 0D 53 54 41 54 55 53 20 83    LE NO 1.STATUS .
2A 0D 0A 53 45 54 20 50 31 28 57 29 20 20 20 20    *..SET P1(W)    
20 20 20 30 2E 30 0D 53 45 54 20 50 32 20 20 20       0.0.SET P2   
20 20 20 20 30 2E 30 0D 53 45 54 20 50 33 20 20        0.0.SET P3  
20 20 20 20 20 30 2E 30 0D 53 45 54 20 50 34 20         0.0.SET P4 
20 20 20 20 20 20 30 2E 30 0D 47 52 4F 53 53 20          0.0.GROSS 
57 45 49 47 48 54 20 20 20 20 31 31 35 34 2E 35    WEIGHT    1154.5
0D 4E 45 54 20 57 45 49 47 48 54 20 20 20 20 20    .NET WEIGHT     
20 20 20 33 38 2E 30 0D 54 41 52 45 20 20 20 20       38.0.TARE    
20 20 31 31 31 36 2E 35 0D 44 41 54 45 20 26 20      1116.5.DATE & 
54 49 4D 45 20 4A 41 4E 2E 20 31 34 2C 32 30 32    TIME JAN. 14,202
34 20 20 30 36 3A 33 34 41 4D 0D 53 43 41 4C 45    4  06:34AM.SCALE
20 4E 4F 20 31 0D 53 54 41 54 55 53 20 81 2A 0D     NO 1.STATUS .*.
0A 53 45 54 20 50 31 28 57 29 20 20 20 20 20 20    .SET P1(W)      
20 30 2E 30 0D 53 45 54 20 50 32 20 20 20 20 20     0.0.SET P2     
20 20 30 2E 30 0D 53 45 54 20 50 33 20 20 20 20      0.0.SET P3    
20 20 20 30 2E 30 0D 53 45 54 20 50 34 20 20 20       0.0.SET P4   
20 20 20 20 30 2E 30 0D 47 52 4F 53 53 20 57 45        0.0.GROSS WE
49 47 48 54 20 20 20 20 31 31 35 34 2E 35 0D 4E    IGHT    1154.5.N
45 54 20 57 45 49 47 48 54 20 20 20 20 20 20 20    ET WEIGHT       
20 33 38 2E 30 0D 54 41 52 45 20 20 20 20 20 20     38.0.TARE      
31 31 31 36 2E 35 0D 44 41 54 45 20 26 20 54 49    1116.5.DATE & TI
4D 45 20 4A 41 4E 2E 20 31 34 2C 32 30 32 34 20    ME JAN. 14,2024 
20 30 36 3A 33 34 41 4D 0D 53 43 41 4C 45 20 4E     06:34AM.SCALE N
4F 20 31 0D 53 54 41 54 55 53 20 81 2A 0D 0A 53    O 1.STATUS .*..S
45 54 20 50 31 28 57 29 20 20 20 20 20 20 20 30    ET P1(W)       0
2E 30 0D 53 45 54 20 50 32 20 20 20 20 20 20 20    .0.SET P2       
30 2E 30 0D 53 45 54 20 50 33 20 20 20 20 20 20    0.0.SET P3      
20 30 2E 30 0D 53 45 54 20 50 34 20 20 20 20 20     0.0.SET P4     
20 20 30 2E 30 0D 47 52 4F 53 53 20 57 45 49 47      0.0.GROSS WEIG
48 54 20 20 20 20 31 31 35 34 2E 35 0D 4E 45 54    HT    1154.5.NET
20 57 45 49 47 48 54 20 20 20 20 20 20 20 20 33     WEIGHT        3
38 2E 30 0D 54 41 52 45 20 20 20 20 20 20 31 31    8.0.TARE      11
31 36 2E 35 0D 44 41 54 45 20 26 20 54 49 4D 45    16.5.DATE & TIME
20 4A 41 4E 2E 20 31 34 2C 32 30 32 34 20 20 30     JAN. 14,2024  0
36 3A 33 34 41 4D 0D 53 43 41 4C 45 20 4E 4F 20    6:34AM.SCALE NO 
31 0D 53 54 41 54 55 53 20 81 2A 0D 0A 53 45 54    1.STATUS .*..SET
20 50 31 28 57 29 20 20 20 20 20 20 20 30 2E 30     P1(W)       0.0
0D 53 45 54 20 50 32 20 20 20 20 20 20 20 30 2E    .SET P2       0.
30 0D 53 45 54 20 50 33 20 20 20 20 20 20 20 30    0.SET P3       0
2E 30 0D 53 45 54 20 50 34 20 20 20 20 20 20 20    .0.SET P4       
30 2E 30 0D 47 52 4F 53 53 20 57 45 49 47 48 54    0.0.GROSS WEIGHT
20 20 20 20 31 31 35 34 2E 35 0D 4E 45 54 20 57        1154.5.NET W
45 49 47 48 54 20 20 20 20 20 20 20 20 33 38 2E    EIGHT        38.
30 0D 54 41 52 45 20 20 20 20 20 20 31 31 31 36    0.TARE      1116
2E 35 0D 44 41 54 45 20 26 20 54 49 4D 45 20 4A    .5.DATE & TIME J
41 4E 2E 20 31 34 2C 32 30 32 34 20 20 30 36 3A    AN. 14,2024  06:
33 34 41 4D 0D 53 43 41 4C 45 20 4E 4F 20 31 0D    34AM.SCALE NO 1.
53 54 41 54 55 53 20 81 2A 0D 0A 53 45 54 20 50    STATUS .*..SET P
31 28 57 29 20 20 20 20 20 20 20 30 2E 30 0D 53    1(W)       0.0.S
45 54 20 50 32 20 20 20 20 20 20 20 30 2E 30 0D    ET P2       0.0.
53 45 54 20 50 33 20 20 20 20 20 20 20 30 2E 30    SET P3       0.0
0D 53 45 54 20 50 34 20 20 20 20 20 20 20 30 2E    .SET P4       0.
30 0D 47 52 4F 53 53 20 57 45 49 47 48 54 20 20    0.GROSS WEIGHT  
20 20 31 31 35 34 2E 35 0D 4E 45 54 20 57 45 49      1154.5.NET WEI
47 48 54 20 20 20 20 20 20 20 20 33 38 2E 30 0D    GHT        38.0.
54 41 52 45 20 20 20 20 20 20 31 31 31 36 2E 35    TARE      1116.5
0D 44 41 54 45 20 26 20 54 49 4D 45 20 4A 41 4E    .DATE & TIME JAN
2E 20 31 34 2C 32 30 32 34 20 20 30 36 3A 33 34    . 14,2024  06:34
41 4D 0D 53 43 41 4C 45 20 4E 4F 20 31 0D 53 54    AM.SCALE NO 1.ST
41 54 55 53 20 81 2A 0D 0A 53 45 54 20 50 31 28    ATUS .*..SET P1(
57 29 20 20 20 20 20 20 20 30 2E 30 0D 53 45 54    W)       0.0.SET
20 50 32 20 20 20 20 20 20 20 30 2E 30 0D 53 45     P2       0.0.SE
54 20 50 33 20 20 20 20 20 20 20 30 2E 30 0D 53    T P3       0.0.S
45 54 20 50 34 20 20 20 20 20 20 20 30 2E 30 0D    ET P4       0.0.
47 52 4F 53 53 20 57 45 49 47 48 54 20 20 20 20    GROSS WEIGHT    
31 31 35 35 2E 30 0D 4E 45 54 20 57 45 49 47 48    1155.0.NET WEIGH
54 20 20 20 20 20 20 20 20 33 38 2E 35 0D 54 41    T        38.5.TA
52 45 20 20 20 20 20 20 31 31 31 36 2E 35 0D 44    RE      1116.5.D
41 54 45 20 26 20 54 49 4D 45 20 4A 41 4E 2E 20    ATE & TIME JAN. 
31 34 2C 32 30 32 34 20 20 30 36 3A 33 34 41 4D    14,2024  06:34AM
0D 53 43 41 4C 45 20 4E 4F 20 31 0D 53 54 41 54    .SCALE NO 1.STAT
55 53 20 81 2A 0D 0A 53 45 54 20 50 31 28 57 29    US .*..SET P1(W)
20 20 20 20 20 20 20 30 2E 30 0D 53 45 54 20 50           0.0.SET P
32 20 20 20 20 20 20 20 30 2E 30 0D 53 45 54 20    2       0.0.SET 
50 33 20 20 20 20 20 20 20 30 2E 30 0D 53 45 54    P3       0.0.SET
20 50 34 20 20 20 20 20 20 20 30 2E 30 0D 47 52     P4       0.0.GR
4F 53 53 20 57 45 49 47 48 54 20 20 20 20 31 31    OSS WEIGHT    11
35 34 2E 35 0D 4E 45 54 20 57 45 49 47 48 54 20    54.5.NET WEIGHT 
20 20 20 20 20 20 20 33 38 2E 30 0D 54 41 52 45           38.0.TARE
20 20 20 20 20 20 31 31 31 36 2E 35 0D 44 41 54          1116.5.DAT
45 20 26 20 54 49 4D 45 20 4A 41 4E 2E 20 31 34    E & TIME JAN. 14
2C 32 30 32 34 20 20 30 36 3A 33 34 41 4D 0D 53    ,2024  06:34AM.S
43 41 4C 45 20 4E 4F 20 31 0D 53 54 41 54 55 53    CALE NO 1.STATUS
20 81 2A 0D 0A 53 45 54 20 50 31 28 57 29 20 20     .*..SET P1(W)  
20 20 20 20 20 30 2E 30 0D 53 45 54 20 50 32 20         0.0.SET P2 
20 20 20 20 20 20 30 2E 30 0D 53 45 54 20 50 33          0.0.SET P3
20 20 20 20 20 20 20 30 2E 30 0D 53 45 54 20 50           0.0.SET P
34 20 20 20 20 20 20 20 30 2E 30 0D 47 52 4F 53    4       0.0.GROS
53 20 57 45 49 47 48 54 20 20 20 20 31 31 35 35    S WEIGHT    1155
2E 30 0D 4E 45 54 20 57 45 49 47 48 54 20 20 20    .0.NET WEIGHT   
20 20 20 20 20 33 38 2E 35 0D 54 41 52 45 20 20         38.5.TARE  
20 20 20 20 31 31 31 36 2E 35 0D 44 41 54 45 20        1116.5.DATE 
26 20 54 49 4D 45 20 4A 41 4E 2E 20 31 34 2C 32    & TIME JAN. 14,2
30 32 34 20 20 30 36 3A 33 34 41 4D 0D 53 43 41    024  06:34AM.SCA
4C 45 20 4E 4F 20 31 0D 53 54 41 54 55 53 20 81    LE NO 1.STATUS .
2A 0D 0A 53 45 54 20 50 31 28 57 29 20 20 20 20    *..SET P1(W)    
20 20 20 30 2E 30 0D 53 45 54 20 50 32 20 20 20       0.0.SET P2   
20 20 20 20 30 2E 30 0D 53 45 54 20 50 33 20 20        0.0.SET P3  
20 20 20 20 20 30 2E 30 0D 53 45 54 20 50 34 20         0.0.SET P4 
20 20 20 20 20 20 30 2E 30 0D 47 52 4F 53 53 20          0.0.GROSS 
57 45 49 47 48 54 20 20 20 20 31 31 35 35 2E 30    WEIGHT    1155.0
0D 4E 45 54 20 57 45 49 47 48 54 20 20 20 20 20    .NET WEIGHT     
20 20 20 33 38 2E 35 0D 54 41 52 45 20 20 20 20       38.5.TARE    
20 20 31 31 31 36 2E 35 0D 44 41 54 45 20 26 20      1116.5.DATE & 
54 49 4D 45 20 4A 41 4E 2E 20 31 34 2C 32 30 32    TIME JAN. 14,202
34 20 20 30 36 3A 33 34 41 4D 0D 53 43 41 4C 45    4  06:34AM.SCALE
20 4E 4F 20 31 0D 53 54 41 54 55 53 20 81 2A 0D     NO 1.STATUS .*.
0A 53 45 54 20 50 31 28 57 29 20 20 20 20 20 20    .SET P1(W)      
20 30 2E 30 0D 53 45 54 20 50 32 20 20 20 20 20     0.0.SET P2     
20 20 30 2E 30 0D 53 45 54 20 50 33 20 20 20 20      0.0.SET P3    
20 20 20 30 2E 30 0D 53 45 54 20 50 34 20 20 20       0.0.SET P4   
20 20 20 20 30 2E 30 0D 47 52 4F 53 53 20 57 45        0.0.GROSS WE
49 47 48 54 20 20 20 20 31 31 35 35 2E 30 0D 4E    IGHT    1155.0.N
45 54 20 57 45 49 47 48 54 20 20 20 20 20 20 20    ET WEIGHT       
20 33 38 2E 35 0D 54 41 52 45 20 20 20 20 20 20     38.5.TARE      
31 31 31 36 2E 35 0D 44 41 54 45 20 26 20 54 49    1116.5.DATE & TI
4D 45 20 4A 41 4E 2E 20 31 34 2C 32 30 32 34 20    ME JAN. 14,2024 
20 30 36 3A 33 34 41 4D 0D 53 43 41 4C 45 20 4E     06:34AM.SCALE N
4F 20 31 0D 53 54 41 54 55 53 20 81 2A 0D 0A 53    O 1.STATUS .*..S
45 54 20 50 31 28 57 29 20 20 20 20 20 20 20 30    ET P1(W)       0
2E 30 0D 53 45 54 20 50 32 20 20 20 20 20 20 20    .0.SET P2       
30 2E 30 0D 53 45 54 20 50 33 20 20 20 20 20 20    0.0.SET P3      
20 30 2E 30 0D 53 45 54 20 50 34 20 20 20 20 20     0.0.SET P4     
20 20 30 2E 30 0D 47 52 4F 53 53 20 57 45 49 47      0.0.GROSS WEIG
48 54 20 20 20 20 31 31 35 35 2E 30 0D 4E 45 54    HT    1155.0.NET
20 57 45 49 47 48 54 20 20 20 20 20 20 20 20 33     WEIGHT        3
38 2E 35 0D 54 41 52 45 20 20 20 20 20 20 31 31    8.5.TARE      11
31 36 2E 35 0D 44 41 54 45 20 26 20 54 49 4D 45    16.5.DATE & TIME
20 4A 41 4E 2E 20 31 34 2C 32 30 32 34 20 20 30     JAN. 14,2024  0
36 3A 33 34 41 4D 0D 53 43 41 4C 45 20 4E 4F 20    6:34AM.SCALE NO 
31 0D 53 54 41 54 55 53 20 83 2A 0D 0A 53 45 54    1.STATUS .*..SET
20 50 31 28 57 29 20 20 20 20 20 20 20 30 2E 30     P1(W)       0.0
0D 53 45 54 20 50 32 20 20 20 20 20 20 20 30 2E    .SET P2       0.
30 0D 53 45 54 20 50 33 20 20 20 20 20 20 20 30    0.SET P3       0
2E 30 0D 53 45 54 20 50 34 20 20 20 20 20 20 20    .0.SET P4       
30 2E 30 0D 47 52 4F 53 53 20 57 45 49 47 48 54    0.0.GROSS WEIGHT
20 20 20 20 31 31 35 35 2E 30 0D 4E 45 54 20 57        1155.0.NET W
45 49 47 48 54 20 20 20 20 20 20 20 20 33 38 2E    EIGHT        38.
35 0D 54 41 52 45 20 20 20 20 20 20 31 31 31 36    5.TARE      1116
2E 35 0D 44 41 54 45 20 26 20 54 49 4D 45 20 4A    .5.DATE & TIME J
41 4E 2E 20 31 34 2C 32 30 32 34 20 20 30 36 3A    AN. 14,2024  06:
33 34 41 4D 0D 53 43 41 4C 45 20 4E 4F 20 31 0D    34AM.SCALE NO 1.
53 54 41 54 55 53 20 83 2A 0D 0A 53 45 54 20 50    STATUS .*..SET P
31 28 57 29 20 20 20 20 20 20 20 30 2E 30 0D 53    1(W)       0.0.S
45 54 20 50 32 20 20 20 20 20 20 20 30 2E 30 0D    ET P2       0.0.
53 45 54 20 50 33 20 20 20 20 20 20 20 30 2E 30    SET P3       0.0
0D 53 45 54 20 50 34 20 20 20 20 20 20 20 30 2E    .SET P4       0.
30 0D 47 52 4F 53 53 20 57 45 49 47 48 54 20 20    0.GROSS WEIGHT  
20 20 31 31 35 35 2E 30 0D 4E 45 54 20 57 45 49      1155.0.NET WEI
47 48 54 20 20 20 20 20 20 20 20 33 38 2E 35 0D    GHT        38.5.
54 41 52 45 20 20 20 20 20 20 31 31 31 36 2E 35    TARE      1116.5
0D 44 41 54 45 20 26 20 54 49 4D 45 20 4A 41 4E    .DATE & TIME JAN
2E 20 31 34 2C 32 30 32 34 20 20 30 36 3A 33 34    . 14,2024  06:34
41 4D 0D 53 43 41 4C 45 20 4E 4F 20 31 0D 53 54    AM.SCALE NO 1.ST
41 54 55 53 20 83 2A 0D 0A 53 45 54 20 50 31 28    ATUS .*..SET P1(
57 29 20 20 20 20 20 20 20 30 2E 30 0D 53 45 54    W)       0.0.SET
20 50 32 20 20 20 20 20 20 20 30 2E 30 0D 53 45     P2       0.0.SE
54 20 50 33 20 20 20 20 20 20 20 30 2E 30 0D 53    T P3       0.0.S
45 54 20 50 34 20 20 20 20 20 20 20 30 2E 30 0D    ET P4       0.0.
47 52 4F 53 53 20 57 45 49 47 48 54 20 20 20 20    GROSS WEIGHT    
31 31 35 35 2E 30 0D 4E 45 54 20 57 45 49 47 48    1155.0.NET WEIGH
54 20 20 20 20 20 20 20 20 33 38 2E 35 0D 54 41    T        38.5.TA
52 45 20 20 20 20 20 20 31 31 31 36 2E 35 0D 44    RE      1116.5.D
41 54 45 20 26 20 54 49 4D 45 20 4A 41 4E 2E 20    ATE & TIME JAN. 
31 34 2C 32 30 32 34 20 20 30 36 3A 33 34 41 4D    14,2024  06:34AM
0D 53 43 41 4C 45 20 4E 4F 20 31 0D 53 54 41 54    .SCALE NO 1.STAT
55 53 20 83 2A 0D 0A 53 45 54 20 50 31 28 57 29    US .*..SET P1(W)
20 20 20 20 20 20 20 30 2E 30 0D 53 45 54 20 50           0.0.SET P
32 20 20 20 20 20 20 20 30 2E 30 0D 53 45 54 20    2       0.0.SET 
50 33 20 20 20 20 20 20 20 30 2E 30 0D 53 45 54    P3       0.0.SET
20 50 34 20 20 20 20 20 20 20 30 2E 30 0D 47 52     P4       0.0.GR
4F 53 53 20 57 45 49 47 48 54 20 20 20 20 31 31    OSS WEIGHT    11
35 35 2E 30 0D 4E 45 54 20 57 45 49 47 48 54 20    55.0.NET WEIGHT 
20 20 20 20 20 20 20 33 38 2E 35 0D 54 41 52 45           38.5.TARE
20 20 20 20 20 20 31 31 31 36 2E 35 0D 44 41 54          1116.5.DAT
45 20 26 20 54 49 4D 45 20 4A 41 4E 2E 20 31 34    E & TIME JAN. 14
2C 32 30 32 34 20 20 30 36 3A 33 34 41 4D 0D 53    ,2024  06:34AM.S
43 41 4C 45 20 4E 4F 20 31 0D 53 54 41 54 55 53    CALE NO 1.STATUS
20 83 2A 0D 0A 53 45 54 20 50 31 28 57 29 20 20     .*..SET P1(W)  
20 20 20 20 20 30 2E 30 0D 53 45 54 20 50 32 20         0.0.SET P2 
20 20 20 20 20 20 30 2E 30 0D 53 45 54 20 50 33          0.0.SET P3
20 20 20 20 20 20 20 30 2E 30 0D 53 45 54 20 50           0.0.SET P
34 20 20 20 20 20 20 20 30 2E 30 0D 47 52 4F 53    4       0.0.GROS
53 20 57 45 49 47 48 54 20 20 20 20 31 31 35 35    S WEIGHT    1155
2E 30 0D 4E 45 54 20 57 45 49 47 48 54 20 20 20    .0.NET WEIGHT   
20 20 20 20 20 33 38 2E 35 0D 54 41 52 45 20 20         38.5.TARE  
20 20 20 20 31 31 31 36 2E 35 0D 44 41 54 45 20        1116.5.DATE 
26 20 54 49 4D 45 20 4A 41 4E 2E 20 31 34 2C 32    & TIME JAN. 14,2
30 32 34 20 20 30 36 3A 33 34 41 4D 0D 53 43 41    024  06:34AM.SCA
4C 45 20 4E 4F 20 31 0D 53 54 41 54 55 53 20 83    LE NO 1.STATUS .
2A 0D 0A 53 45 54 20 50 31 28 57 29 20 20 20 20    *..SET P1(W)    
20 20 20 30 2E 30 0D 53 45 54 20 50 32 20 20 20       0.0.SET P2   
20 20 20 20 30 2E 30 0D 53 45 54 20 50 33 20 20        0.0.SET P3  
20 20 20 20 20 30 2E 30 0D 53 45 54 20 50 34 20         0.0.SET P4 
20 20 20 20 20 20 30 2E 30 0D 47 52 4F 53 53 20          0.0.GROSS 
57 45 49 47 48 54 20 20 20 20 31 31 35 35 2E 30    WEIGHT    1155.0
0D 4E 45 54 20 57 45 49 47 48 54 20 20 20 20 20    .NET WEIGHT     
20 20 20 33 38 2E 35 0D 54 41 52 45 20 20 20 20       38.5.TARE    
20 20 31 31 31 36 2E 35 0D 44 41 54 45 20 26 20      1116.5.DATE & 
54 49 4D 45 20 4A 41 4E 2E 20 31 34 2C 32 30 32    TIME JAN. 14,202
34 20 20 30 36 3A 33 34 41 4D 0D 53 43 41 4C 45    4  06:34AM.SCALE
20 4E 4F 20 31 0D 53 54 41 54 55 53 20 81 2A 0D     NO 1.STATUS .*.
0A 53 45 54 20 50 31 28 57 29 20 20 20 20 20 20    .SET P1(W)      
20 30 2E 30 0D 53 45 54 20 50 32 20 20 20 20 20     0.0.SET P2     
20 20 30 2E 30 0D 53 45 54 20 50 33 20 20 20 20      0.0.SET P3    
20 20 20 30 2E 30 0D 53 45 54 20 50 34 20 20 20       0.0.SET P4   
20 20 20 20 30 2E 30 0D 47 52 4F 53 53 20 57 45        0.0.GROSS WE
49 47 48 54 20 20 20 20 31 31 35 35 2E 35 0D 4E    IGHT    1155.5.N
45 54 20 57 45 49 47 48 54 20 20 20 20 20 20 20    ET WEIGHT       
20 33 39 2E 30 0D 54 41 52 45 20 20 20 20 20 20     39.0.TARE      
31 31 31 36 2E 35 0D 44 41 54 45 20 26 20 54 49    1116.5.DATE & TI
4D 45 20 4A 41 4E 2E 20 31 34 2C 32 30 32 34 20    ME JAN. 14,2024 
20 30 36 3A 33 34 41 4D 0D 53 43 41 4C 45 20 4E     06:34AM.SCALE N
4F 20 31 0D 53 54 41 54 55 53 20 81 2A 0D 0A 53    O 1.STATUS .*..S
45 54 20 50 31 28 57 29 20 20 20 20 20 20 20 30    ET P1(W)       0
2E 30 0D 53 45 54 20 50 32 20 20 20 20 20 20 20    .0.SET P2       
30 2E 30 0D 53 45 54 20 50 33 20 20 20 20 20 20    0.0.SET P3      
20 30 2E 30 0D 53 45 54 20 50 34 20 20 20 20 20     0.0.SET P4     
20 20 30 2E 30 0D 47 52 4F 53 53 20 57 45 49 47      0.0.GROSS WEIG
48 54 20 20 20 20 31 31 35 35 2E 35 0D 4E 45 54    HT    1155.5.NET
20 57 45 49 47 48 54 20 20 20 20 20 20 20 20 33     WEIGHT        3
39 2E 30 0D 54 41 52 45 20 20 20 20 20 20 31 31    9.0.TARE      11
31 36 2E 35 0D 44 41 54 45 20 26 20 54 49 4D 45    16.5.DATE & TIME
20 4A 41 4E 2E 20 31 34 2C 32 30 32 34 20 20 30     JAN. 14,2024  0
36 3A 33 34 41 4D 0D 53 43 41 4C 45 20 4E 4F 20    6:34AM.SCALE NO 
31 0D 53 54 41 54 55 53 20 81 2A 0D 0A 53 45 54    1.STATUS .*..SET
20 50 31 28 57 29 20 20 20 20 20 20 20 30 2E 30     P1(W)       0.0
0D 53 45 54 20 50 32 20 20 20 20 20 20 20 30 2E    .SET P2       0.
30 0D 53 45 54 20 50 33 20 20 20 20 20 20 20 30    0.SET P3       0
2E 30 0D 53 45 54 20 50 34 20 20 20 20 20 20 20    .0.SET P4       
30 2E 30 0D 47 52 4F 53 53 20 57 45 49 47 48 54    0.0.GROSS WEIGHT
20 20 20 20 31 31 35 35 2E 35 0D 4E 45 54 20 57        1155.5.NET W
45 49 47 48 54 20 20 20 20 20 20 20 20 33 39 2E    EIGHT        39.
30 0D 54 41 52 45 20 20 20 20 20 20 31 31 31 36    0.TARE      1116
2E 35 0D 44 41 54 45 20 26 20 54 49 4D 45 20 4A    .5.DATE & TIME J
41 4E 2E 20 31 34 2C 32 30 32 34 20 20 30 36 3A    AN. 14,2024  06:
33 34 41 4D 0D 53 43 41 4C 45 20 4E 4F 20 31 0D    34AM.SCALE NO 1.
53 54 41 54 55 53 20 81 2A 0D 0A 53 45 54 20 50    STATUS .*..SET P
31 28 57 29 20 20 20 20 20 20 20 30 2E 30 0D 53    1(W)       0.0.S
45 54 20 50 32 20 20 20 20 20 20 20 30 2E 30 0D    ET P2       0.0.
53 45 54 20 50 33 20 20 20 20 20 20 20 30 2E 30    SET P3       0.0
0D 53 45 54 20 50 34 20 20 20 20 20 20 20 30 2E    .SET P4       0.
30 0D 47 52 4F 53 53 20 57 45 49 47 48 54 20 20    0.GROSS WEIGHT  
20 20 31 31 35 35 2E 35 0D 4E 45 54 20 57 45 49      1155.5.NET WEI
47 48 54 20 20 20 20 20 20 20 20 33 39 2E 30 0D    GHT        39.0.
54 41 52 45 20 20 20 20 20 20 31 31 31 36 2E 35    TARE      1116.5
0D 44 41 54 45 20 26 20 54 49 4D 45 20 4A 41 4E    .DATE & TIME JAN
2E 20 31 34 2C 32 30 32 34 20 20 30 36 3A 33 34    . 14,2024  06:34
41 4D 0D 53 43 41 4C 45 20 4E 4F 20 31 0D 53 54    AM.SCALE NO 1.ST
41 54 55 53 20 83 2A 0D 0A 53 45 54 20 50 31 28    ATUS .*..SET P1(
57 29 20 20 20 20 20 20 20 30 2E 30 0D 53 45 54    W)       0.0.SET
20 50 32 20 20 20 20 20 20 20 30 2E 30 0D 53 45     P2       0.0.SE
54 20 50 33 20 20 20 20 20 20 20 30 2E 30 0D 53    T P3       0.0.S
45 54 20 50 34 20 20 20 20 20 20 20 30 2E 30 0D    ET P4       0.0.
47 52 4F 53 53 20 57 45 49 47 48 54 20 20 20 20    GROSS WEIGHT    
31 31 35 35 2E 35 0D 4E 45 54 20 57 45 49 47 48    1155.5.NET WEIGH
54 20 20 20 20 20 20 20 20 33 39 2E 30 0D 54 41    T        39.0.TA
52 45 20 20 20 20 20 20 31 31 31 36 2E 35 0D 44    RE      1116.5.D
41 54 45 20 26 20 54 49 4D 45 20 4A 41 4E 2E 20    ATE & TIME JAN. 
31 34 2C 32 30 32 34 20 20 30 36 3A 33 34 41 4D    14,2024  06:34AM
0D 53 43 41 4C 45 20 4E 4F 20 31 0D 53 54 41 54    .SCALE NO 1.STAT
55 53 20 83 2A 0D 0A 53 45 54 20 50 31 28 57 29    US .*..SET P1(W)
20 20 20 20 20 20 20 30 2E 30 0D 53 45 54 20 50           0.0.SET P
32 20 20 20 20 20 20 20 30 2E 30 0D 53 45 54 20    2       0.0.SET 
50 33 20 20 20 20 20 20 20 30 2E 30 0D 53 45 54    P3       0.0.SET
20 50 34 20 20 20 20 20 20 20 30 2E 30 0D 47 52     P4       0.0.GR
4F 53 53 20 57 45 49 47 48 54 20 20 20 20 31 31    OSS WEIGHT    11
35 35 2E 35 0D 4E 45 54 20 57 45 49 47 48 54 20    55.5.NET WEIGHT 
20 20 20 20 20 20 20 33 39 2E 30 0D 54 41 52 45           39.0.TARE
20 20 20 20 20 20 31 31 31 36 2E 35 0D 44 41 54          1116.5.DAT
45 20 26 20 54 49 4D 45 20 4A 41 4E 2E 20 31 34    E & TIME JAN. 14
2C 32 30 32 34 20 20 30 36 3A 33 34 41 4D 0D 53    ,2024  06:34AM.S
43 41 4C 45 20 4E 4F 20 31 0D 53 54 41 54 55 53    CALE NO 1.STATUS
20 83 2A 0D 0A 53 45 54 20 50 31 28 57 29 20 20     .*..SET P1(W)  
20 20 20 20 20 30 2E 30 0D 53 45 54 20 50 32 20         0.0.SET P2 
20 20 20 20 20 20 30 2E 30 0D 53 45 54 20 50 33          0.0.SET P3
20 20 20 20 20 20 20 30 2E 30 0D 53 45 54 20 50           0.0.SET P
34 20 20 20 20 20 20 20 30 2E 30 0D 47 52 4F 53    4       0.0.GROS
53 20 57 45 49 47 48 54 20 20 20 20 31 31 35 35    S WEIGHT    1155
2E 35 0D 4E 45 54 20 57 45 49 47 48 54 20 20 20    .5.NET WEIGHT   
20 20 20 20 20 33 39 2E 30 0D 54 41 52 45 20 20         39.0.TARE  
20 20 20 20 31 31 31 36 2E 35 0D 44 41 54 45 20        1116.5.DATE 
26 20 54 49 4D 45 20 4A 41 4E 2E 20 31 34 2C 32    & TIME JAN. 14,2
30 32 34 20 20 30 36 3A 33 34 41 4D 0D 53 43 41    024  06:34AM.SCA
4C 45 20 4E 4F 20 31 0D 53 54 41 54 55 53 20 83    LE NO 1.STATUS .
2A 0D 0A 53 45 54 20 50 31 28 57 29 20 20 20 20    *..SET P1(W)    
20 20 20 30 2E 30 0D 53 45 54 20 50 32 20 20 20       0.0.SET P2   
20 20 20 20 30 2E 30 0D 53 45 54 20 50 33 20 20        0.0.SET P3  
20 20 20 20 20 30 2E 30 0D 53 45 54 20 50 34 20         0.0.SET P4 
20 20 20 20 20 20 30 2E 30 0D 47 52 4F 53 53 20          0.0.GROSS 
57 45 49 47 48 54 20 20 20 20 31 31 35 35 2E 35    WEIGHT    1155.5
0D 4E 45 54 20 57 45 49 47 48 54 20 20 20 20 20    .NET WEIGHT     
20 20 20 33 39 2E 30 0D 54 41 52 45 20 20 20 20       39.0.TARE    
20 20 31 31 31 36 2E 35 0D 44 41 54 45 20 26 20      1116.5.DATE & 
54 49 4D 45 20 4A 41 4E 2E 20 31 34 2C 32 30 32    TIME JAN. 14,202
34 20 20 30 36 3A 33 34 41 4D 0D 53 43 41 4C 45    4  06:34AM.SCALE
20 4E 4F 20 31 0D 53 54 41 54 55 53 20 81 2A 0D     NO 1.STATUS .*.
0A 53 45 54 20 50 31 28 57 29 20 20 20 20 20 20    .SET P1(W)      
20 30 2E 30 0D 53 45 54 20 50 32 20 20 20 20 20     0.0.SET P2     
20 20 30 2E 30 0D 53 45 54 20 50 33 20 20 20 20      0.0.SET P3    
20 20 20 30 2E 30 0D 53 45 54 20 50 34 20 20 20       0.0.SET P4   
20 20 20 20 30 2E 30 0D 47 52 4F 53 53 20 57 45        0.0.GROSS WE
49 47 48 54 20 20 20 20 31 31 35 35 2E 35 0D 4E    IGHT    1155.5.N
45 54 20 57 45 49 47 48 54 20 20 20 20 20 20 20    ET WEIGHT       
20 33 39 2E 30 0D 54 41 52 45 20 20 20 20 20 20     39.0.TARE      
31 31 31 36 2E 35 0D 44 41 54 45 20 26 20 54 49    1116.5.DATE & TI
4D 45 20 4A 41 4E 2E 20 31 34 2C 32 30 32 34 20    ME JAN. 14,2024 
20 30 36 3A 33 34 41 4D 0D 53 43 41 4C 45 20 4E     06:34AM.SCALE N
4F 20 31 0D 53 54 41 54 55 53 20 81 2A 0D 0A 53    O 1.STATUS .*..S
45 54 20 50 31 28 57 29 20 20 20 20 20 20 20 30    ET P1(W)       0
2E 30 0D 53 45 54 20 50 32 20 20 20 20 20 20 20    .0.SET P2       
30 2E 30 0D 53 45 54 20 50 33 20 20 20 20 20 20    0.0.SET P3      
20 30 2E 30 0D 53 45 54 20 50 34 20 20 20 20 20     0.0.SET P4     
20 20 30 2E 30 0D 47 52 4F 53 53 20 57 45 49 47      0.0.GROSS WEIG
48 54 20 20 20 20 31 31 35 35 2E 35 0D 4E 45 54    HT    1155.5.NET
20 57 45 49 47 48 54 20 20 20 20 20 20 20 20 33     WEIGHT        3
39 2E 30 0D 54 41 52 45 20 20 20 20 20 20 31 31    9.0.TARE      11
31 36 2E 35 0D 44 41 54 45 20 26 20 54 49 4D 45    16.5.DATE & TIME
20 4A 41 4E 2E 20 31 34 2C 32 30 32 34 20 20 30     JAN. 14,2024  0
36 3A 33 34 41 4D 0D 53 43 41 4C 45 20 4E 4F 20    6:34AM.SCALE NO 
31 0D 53 54 41 54 55 53 20 81 2A 0D 0A 53 45 54    1.STATUS .*..SET
20 50 31 28 57 29 20 20 20 20 20 20 20 30 2E 30     P1(W)       0.0
0D 53 45 54 20 50 32 20 20 20 20 20 20 20 30 2E    .SET P2       0.
30 0D 53 45 54 20 50 33 20 20 20 20 20 20 20 30    0.SET P3       0
2E 30 0D 53 45 54 20 50 34 20 20 20 20 20 20 20    .0.SET P4       
30 2E 30 0D 47 52 4F 53 53 20 57 45 49 47 48 54    0.0.GROSS WEIGHT
20 20 20 20 31 31 35 35 2E 35 0D 4E 45 54 20 57        1155.5.NET W
45 49 47 48 54 20 20 20 20 20 20 20 20 33 39 2E    EIGHT        39.
30 0D 54 41 52 45 20 20 20 20 20 20 31 31 31 36    0.TARE      1116
2E 35 0D 44 41 54 45 20 26 20 54 49 4D 45 20 4A    .5.DATE & TIME J
41 4E 2E 20 31 34 2C 32 30 32 34 20 20 30 36 3A    AN. 14,2024  06:
33 34 41 4D 0D 53 43 41 4C 45 20 4E 4F 20 31 0D    34AM.SCALE NO 1.
53 54 41 54 55 53 20 83 2A 0D 0A 53 45 54 20 50    STATUS .*..SET P
31 28 57 29 20 20 20 20 20 20 20 30 2E 30 0D 53    1(W)       0.0.S
45 54 20 50 32 20 20 20 20 20 20 20 30 2E 30 0D    ET P2       0.0.
53 45 54 20 50 33 20 20 20 20 20 20 20 30 2E 30    SET P3       0.0
0D 53 45 54 20 50 34 20 20 20 20 20 20 20 30 2E    .SET P4       0.
30 0D 47 52 4F 53 53 20 57 45 49 47 48 54 20 20    0.GROSS WEIGHT  
20 20 31 31 35 36 2E 30 0D 4E 45 54 20 57 45 49      1156.0.NET WEI
47 48 54 20 20 20 20 20 20 20 20 33 39 2E 35 0D    GHT        39.5.
54 41 52 45 20 20 20 20 20 20 31 31 31 36 2E 35    TARE      1116.5
0D 44 41 54 45 20 26 20 54 49 4D 45 20 4A 41 4E    .DATE & TIME JAN
2E 20 31 34 2C 32 30 32 34 20 20 30 36 3A 33 34    . 14,2024  06:34
41 4D 0D 53 43 41 4C 45 20 4E 4F 20 31 0D 53 54    AM.SCALE NO 1.ST
41 54 55 53 20 81 2A 0D 0A 53 45 54 20 50 31 28    ATUS .*..SET P1(
57 29 20 20 20 20 20 20 20 30 2E 30 0D 53 45 54    W)       0.0.SET
20 50 32 20 20 20 20 20 20 20 30 2E 30 0D 53 45     P2       0.0.SE
54 20 50 33 20 20 20 20 20 20 20 30 2E 30 0D 53    T P3       0.0.S
45 54 20 50 34 20 20 20 20 20 20 20 30 2E 30 0D    ET P4       0.0.
47 52 4F 53 53 20 57 45 49 47 48 54 20 20 20 20    GROSS WEIGHT    
31 31 35 36 2E 30 0D 4E 45                         1156.0.NE
