44 41 54 45 20 26 20 54 49 4D 45 20 4A 41 4E 2E    DATE & TIME JAN.
20 31 34 2C 32 30 32 34 20 20 30 36 3A 32 38 41     14,2024  06:28A
4D 0D 53 43 41 4C 45 20 4E 4F 20 31 0D 53 54 41    M.SCALE NO 1.STA
54 55 53 20 83 2A 0D 0A 53 45 54 20 50 31 28 57    TUS .*..SET P1(W
29 20 20 20 20 20 20 20 30 2E 30 0D 53 45 54 20    )       0.0.SET 
50 32 20 20 20 20 20 20 20 30 2E 30 0D 53 45 54    P2       0.0.SET
20 50 33 20 20 20 20 20 20 20 30 2E 30 0D 53 45     P3       0.0.SE
54 20 50 34 20 20 20 20 20 20 20 30 2E 30 0D 47    T P4       0.0.G
52 4F 53 53 20 57 45 49 47 48 54 20 20 20 20 31    ROSS WEIGHT    1
31 33 38 2E 30 0D 4E 45 54 20 57 45 49 47 48 54    138.0.NET WEIGHT
20 20 20 20 20 20 20 20 32 31 2E 35 0D 54 41 52            21.5.TAR
45 20 20 20 20 20 20 31 31 31 36 2E 35 0D 44 41    E      1116.5.DA
54 45 20 26 20 54 49 4D 45 20 4A 41 4E 2E 20 31    TE & TIME JAN. 1
34 2C 32 30 32 34 20 20 30 36 3A 32 38 41 4D 0D    4,2024  06:28AM.
53 43 41 4C 45 20 4E 4F 20 31 0D 53 54 41 54 55    SCALE NO 1.STATU
53 20 83 2A 0D 0A 53 45 54 20 50 31 28 57 29 20    S .*..SET P1(W) 
20 20 20 20 20 20 30 2E 30 0D 53 45 54 20 50 32          0.0.SET P2
20 20 20 20 20 20 20 30 2E 30 0D 53 45 54 20 50           0.0.SET P
33 20 20 20 20 20 20 20 30 2E 30 0D 53 45 54 20    3       0.0.SET 
50 34 20 20 20 20 20 20 20 30 2E 30 0D 47 52 4F    P4       0.0.GRO
53 53 20 57 45 49 47 48 54 20 20 20 20 31 31 33    SS WEIGHT    113
38 2E 30 0D 4E 45 54 20 57 45 49 47 48 54 20 20    8.0.NET WEIGHT  
20 20 20 20 20 20 32 31 2E 35 0D 54 41 52 45 20          21.5.TARE 
20 20 20 20 20 31 31 31 36 2E 35 0D 44 41 54 45         1116.5.DATE
20 26 20 54 49 4D 45 20 4A 41 4E 2E 20 31 34 2C     & TIME JAN. 14,
32 30 32 34 20 20 30 36 3A 32 38 41 4D 0D 53 43    2024  06:28AM.SC
41 4C 45 20 4E 4F 20 31 0D 53 54 41 54 55 53 20    ALE NO 1.STATUS 
83 2A 0D 0A 53 45 54 20 50 31 28 57 29 20 20 20    .*..SET P1(W)   
20 20 20 20 30 2E 30 0D 53 45 54 20 50 32 20 20        0.0.SET P2  
20 20 20 20 20 30 2E 30 0D 53 45 54 20 50 33 20         0.0.SET P3 
20 20 20 20 20 20 30 2E 30 0D 53 45 54 20 50 34          0.0.SET P4
20 20 20 20 20 20 20 30 2E 30 0D 47 52 4F 53 53           0.0.GROSS
20 57 45 49 47 48 54 20 20 20 20 31 31 33 38 2E     WEIGHT    1138.
30 0D 4E 45 54 20 57 45 49 47 48 54 20 20 20 20    0.NET WEIGHT    
20 20 20 20 32 31 2E 35 0D 54 41 52 45 20 20 20        21.5.TARE   
20 20 20 31 31 31 36 2E 35 0D 44 41 54 45 20 26       1116.5.DATE &
20 54 49 4D 45 20 4A 41 4E 2E 20 31 34 2C 32 30     TIME JAN. 14,20
32 34 20 20 30 36 3A 32 38 41 4D 0D 53 43 41 4C    24  06:28AM.SCAL
45 20 4E 4F 20 31 0D 53 54 41 54 55 53 20 83 2A    E NO 1.STATUS .*
0D 0A 53 45 54 20 50 31 28 57 29 20 20 20 20 20    ..SET P1(W)     
20 20 30 2E 30 0D 53 45 54 20 50 32 20 20 20 20      0.0.SET P2    
20 20 20 30 2E 30 0D 53 45 54 20 50 33 20 20 20       0.0.SET P3   
20 20 20 20 30 2E 30 0D 53 45 54 20 50 34 20 20        0.0.SET P4  
20 20 20 20 20 30 2E 30 0D 47 52 4F 53 53 20 57         0.0.GROSS W
45 49 47 48 54 20 20 20 20 31 31 33 38 2E 30 0D    EIGHT    1138.0.
4E 45 54 20 57 45 49 47 48 54 20 20 20 20 20 20    NET WEIGHT      
20 20 32 31 2E 35 0D 54 41 52 45 20 20 20 20 20      21.5.TARE     
20 31 31 31 36 2E 35 0D 44 41 54 45 20 26 20 54     1116.5.DATE & T
49 4D 45 20 4A 41 4E 2E 20 31 34 2C 32 30 32 34    IME JAN. 14,2024
20 20 30 36 3A 32 38 41 4D 0D 53 43 41 4C 45 20      06:28AM.SCALE 
4E 4F 20 31 0D 53 54 41 54 55 53 20 83 2A 0D 0A    NO 1.STATUS .*..
53 45 54 20 50 31 28 57 29 20 20 20 20 20 20 20    SET P1(W)       
30 2E 30 0D 53 45 54 20 50 32 20 20 20 20 20 20    0.0.SET P2      
20 30 2E 30 0D 53 45 54 20 50 33 20 20 20 20 20     0.0.SET P3     
20 20 30 2E 30 0D 53 45 54 20 50 34 20 20 20 20      0.0.SET P4    
20 20 20 30 2E 30 0D 47 52 4F 53 53 20 57 45 49       0.0.GROSS WEI
47 48 54 20 20 20 20 31 31 33 38 2E 30 0D 4E 45    GHT    1138.0.NE
54 20 57 45 49 47 48 54 20 20 20 20 20 20 20 20    T WEIGHT        
32 31 2E 35 0D 54 41 52 45 20 20 20 20 20 20 31    21.5.TARE      1
31 31 36 2E 35 0D 44 41 54 45 20 26 20 54 49 4D    116.5.DATE & TIM
45 20 4A 41 4E 2E 20 31 34 2C 32 30 32 34 20 20    E JAN. 14,2024  
30 36 3A 32 38 41 4D 0D 53 43 41 4C 45 20 4E 4F    06:28AM.SCALE NO
20 31 0D 53 54 41 54 55 53 20 83 2A 0D 0A 53 45     1.STATUS .*..SE
54 20 50 31 28 57 29 20 20 20 20 20 20 20 30 2E    T P1(W)       0.
30 0D 53 45 54 20 50 32 20 20 20 20 20 20 20 30    0.SET P2       0
2E 30 0D 53 45 54 20 50 33 20 20 20 20 20 20 20    .0.SET P3       
30 2E 30 0D 53 45 54 20 50 34 20 20 20 20 20 20    0.0.SET P4      
20 30 2E 30 0D 47 52 4F 53 53 20 57 45 49 47 48     0.0.GROSS WEIGH
54 20 20 20 20 31 31 33 38 2E 30 0D 4E 45 54 20    T    1138.0.NET 
57 45 49 47 48 54 20 20 20 20 20 20 20 20 32 31    WEIGHT        21
2E 35 0D 54 41 52 45 20 20 20 20 20 20 31 31 31    .5.TARE      111
36 2E 35 0D 44 41 54 45 20 26 20 54 49 4D 45 20    6.5.DATE & TIME 
4A 41 4E 2E 20 31 34 2C 32 30 32 34 20 20 30 36    JAN. 14,2024  06
3A 32 38 41 4D 0D 53 43 41 4C 45 20 4E 4F 20 31    :28AM.SCALE NO 1
0D 53 54 41 54 55 53 20 83 2A 0D 0A 53 45 54 20    .STATUS .*..SET 
50 31 28 57 29 20 20 20 20 20 20 20 30 2E 30 0D    P1(W)       0.0.
53 45 54 20 50 32 20 20 20 20 20 20 20 30 2E 30    SET P2       0.0
0D 53 45 54 20 50 33 20 20 20 20 20 20 20 30 2E    .SET P3       0.
30 0D 53 45 54 20 50 34 20 20 20 20 20 20 20 30    0.SET P4       0
2E 30 0D 47 52 4F 53 53 20 57 45 49 47 48 54 20    .0.GROSS WEIGHT 
20 20 20 31 31 33 38 2E 30 0D 4E 45 54 20 57 45       1138.0.NET WE
49 47 48 54 20 20 20 20 20 20 20 20 32 31 2E 35    IGHT        21.5
0D 54 41 52 45 20 20 20 20 20 20 31 31 31 36 2E    .TARE      1116.
35 0D 44 41 54 45 20 26 20 54 49 4D 45 20 4A 41    5.DATE & TIME JA
4E 2E 20 31 34 2C 32 30 32 34 20 20 30 36 3A 32    N. 14,2024  06:2
38 41 4D 0D 53 43 41 4C 45 20 4E 4F 20 31 0D 53    8AM.SCALE NO 1.S
54 41 54 55 53 20 83 2A 0D 0A 53 45 54 20 50 31    TATUS .*..SET P1
28 57 29 20 20 20 20 20 20 20 30 2E 30 0D 53 45    (W)       0.0.SE
54 20 50 32 20 20 20 20 20 20 20 30 2E 30 0D 53    T P2       0.0.S
45 54 20 50 33 20 20 20 20 20 20 20 30 2E 30 0D    ET P3       0.0.
53 45 54 20 50 34 20 20 20 20 20 20 20 30 2E 30    SET P4       0.0
0D 47 52 4F 53 53 20 57 45 49 47 48 54 20 20 20    .GROSS WEIGHT   
20 31 31 33 38 2E 30 0D 4E 45 54 20 57 45 49 47     1138.0.NET WEIG
48 54 20 20 20 20 20 20 20 20 32 31 2E 35 0D 54    HT        21.5.T
41 52 45 20 20 20 20 20 20 31 31 31 36 2E 35 0D    ARE      1116.5.
44 41 54 45 20 26 20 54 49 4D 45 20 4A 41 4E 2E    DATE & TIME JAN.
20 31 34 2C 32 30 32 34 20 20 30 36 3A 32 38 41     14,2024  06:28A
4D 0D 53 43 41 4C 45 20 4E 4F 20 31 0D 53 54 41    M.SCALE NO 1.STA
54 55 53 20 83 2A 0D 0A 53 45 54 20 50 31 28 57    TUS .*..SET P1(W
29 20 20 20 20 20 20 20 30 2E 30 0D 53 45 54 20    )       0.0.SET 
50 32 20 20 20 20 20 20 20 30 2E 30 0D 53 45 54    P2       0.0.SET
20 50 33 20 20 20 20 20 20 20 30 2E 30 0D 53 45     P3       0.0.SE
54 20 50 34 20 20 20 20 20 20 20 30 2E 30 0D 47    T P4       0.0.G
52 4F 53 53 20 57 45 49 47 48 54 20 20 20 20 31    ROSS WEIGHT    1
31 33 38 2E 30 0D 4E 45 54 20 57 45 49 47 48 54    138.0.NET WEIGHT
20 20 20 20 20 20 20 20 32 31 2E 35 0D 54 41 52            21.5.TAR
45 20 20 20 20 20 20 31 31 31 36 2E 35 0D 44 41    E      1116.5.DA
54 45 20 26 20 54 49 4D 45 20 4A 41 4E 2E 20 31    TE & TIME JAN. 1
34 2C 32 30 32 34 20 20 30 36 3A 32 38 41 4D 0D    4,2024  06:28AM.
53 43 41 4C 45 20 4E 4F 20 31 0D 53 54 41 54 55    SCALE NO 1.STATU
53 20 83 2A 0D 0A 53 45 54 20 50 31 28 57 29 20    S .*..SET P1(W) 
20 20 20 20 20 20 30 2E 30 0D 53 45 54 20 50 32          0.0.SET P2
20 20 20 20 20 20 20 30 2E 30 0D 53 45 54 20 50           0.0.SET P
33 20 20 20 20 20 20 20 30 2E 30 0D 53 45 54 20    3       0.0.SET 
50 34 20 20 20 20 20 20 20 30 2E 30 0D 47 52 4F    P4       0.0.GRO
53 53 20 57 45 49 47 48 54 20 20 20 20 31 31 33    SS WEIGHT    113
38 2E 30 0D 4E 45 54 20 57 45 49 47 48 54 20 20    8.0.NET WEIGHT  
20 20 20 20 20 20 32 31 2E 35 0D 54 41 52 45 20          21.5.TARE 
20 20 20 20 20 31 31 31 36 2E 35 0D 44 41 54 45         1116.5.DATE
20 26 20 54 49 4D 45 20 4A 41 4E 2E 20 31 34 2C     & TIME JAN. 14,
32 30 32 34 20 20 30 36 3A 32 38 41 4D 0D 53 43    2024  06:28AM.SC
41 4C 45 20 4E 4F 20 31 0D 53 54 41 54 55 53 20    ALE NO 1.STATUS 
83 2A 0D 0A 53 45 54 20 50 31 28 57 29 20 20 20    .*..SET P1(W)   
20 20 20 20 30 2E 30 0D 53 45 54 20 50 32 20 20        0.0.SET P2  
20 20 20 20 20 30 2E 30 0D 53 45 54 20 50 33 20         0.0.SET P3 
20 20 20 20 20 20 30 2E 30 0D 53 45 54 20 50 34          0.0.SET P4
20 20 20 20 20 20 20 30 2E 30 0D 47 52 4F 53 53           0.0.GROSS
20 57 45 49 47 48 54 20 20 20 20 31 31 33 38 2E     WEIGHT    1138.
30 0D 4E 45 54 20 57 45 49 47 48 54 20 20 20 20    0.NET WEIGHT    
20 20 20 20 32 31 2E 35 0D 54 41 52 45 20 20 20        21.5.TARE   
20 20 20 31 31 31 36 2E 35 0D 44 41 54 45 20 26       1116.5.DATE &
20 54 49 4D 45 20 4A 41 4E 2E 20 31 34 2C 32 30     TIME JAN. 14,20
32 34 20 20 30 36 3A 32 38 41 4D 0D 53 43 41 4C    24  06:28AM.SCAL
45 20 4E 4F 20 31 0D 53 54 41 54 55 53 20 83 2A    E NO 1.STATUS .*
0D 0A 53 45 54 20 50 31 28 57 29 20 20 20 20 20    ..SET P1(W)     
20 20 30 2E 30 0D 53 45 54 20 50 32 20 20 20 20      0.0.SET P2    
20 20 20 30 2E 30 0D 53 45 54 20 50 33 20 20 20       0.0.SET P3   
20 20 20 20 30 2E 30 0D 53 45 54 20 50 34 20 20        0.0.SET P4  
20 20 20 20 20 30 2E 30 0D 47 52 4F 53 53 20 57         0.0.GROSS W
45 49 47 48 54 20 20 20 20 31 31 33 38 2E 30 0D    EIGHT    1138.0.
4E 45 54 20 57 45 49 47 48 54 20 20 20 20 20 20    NET WEIGHT      
20 20 32 31 2E 35 0D 54 41 52 45 20 20 20 20 20      21.5.TARE     
20 31 31 31 36 2E 35 0D 44 41 54 45 20 26 20 54     1116.5.DATE & T
49 4D 45 20 4A 41 4E 2E 20 31 34 2C 32 30 32 34    IME JAN. 14,2024
20 20 30 36 3A 32 38 41 4D 0D 53 43 41 4C 45 20      06:28AM.SCALE 
4E 4F 20 31 0D 53 54 41 54 55 53 20 83 2A 0D 0A    NO 1.STATUS .*..
53 45 54 20 50 31 28 57 29 20 20 20 20 20 20 20    SET P1(W)       
30 2E 30 0D 53 45 54 20 50 32 20 20 20 20 20 20    0.0.SET P2      
20 30 2E 30 0D 53 45 54 20 50 33 20 20 20 20 20     0.0.SET P3     
20 20 30 2E 30 0D 53 45 54 20 50 34 20 20 20 20      0.0.SET P4    
20 20 20 30 2E 30 0D 47 52 4F 53 53 20 57 45 49       0.0.GROSS WEI
47 48 54 20 20 20 20 31 31 33 38 2E 30 0D 4E 45    GHT    1138.0.NE
54 20 57 45 49 47 48 54 20 20 20 20 20 20 20 20    T WEIGHT        
32 31 2E 35 0D 54 41 52 45 20 20 20 20 20 20 31    21.5.TARE      1
31 31 36 2E 35 0D 44 41 54 45 20 26 20 54 49 4D    116.5.DATE & TIM
45 20 4A 41 4E 2E 20 31 34 2C 32 30 32 34 20 20    E JAN. 14,2024  
30 36 3A 32 38 41 4D 0D 53 43 41 4C 45 20 4E 4F    06:28AM.SCALE NO
20 31 0D 53 54 41 54 55 53 20 83 2A 0D 0A 53 45     1.STATUS .*..SE
54 20 50 31 28 57 29 20 20 20 20 20 20 20 30 2E    T P1(W)       0.
30 0D 53 45 54 20 50 32 20 20 20 20 20 20 20 30    0.SET P2       0
2E 30 0D 53 45 54 20 50 33 20 20 20 20 20 20 20    .0.SET P3       
30 2E 30 0D 53 45 54 20 50 34 20 20 20 20 20 20    0.0.SET P4      
20 30 2E 30 0D 47 52 4F 53 53 20 57 45 49 47 48     0.0.GROSS WEIGH
54 20 20 20 20 31 31 33 38 2E 30 0D 4E 45 54 20    T    1138.0.NET 
57 45 49 47 48 54 20 20 20 20 20 20 20 20 32 31    WEIGHT        21
2E 35 0D 54 41 52 45 20 20 20 20 20 20 31 31 31    .5.TARE      111
36 2E 35 0D 44 41 54 45 20 26 20 54 49 4D 45 20    6.5.DATE & TIME 
4A 41 4E 2E 20 31 34 2C 32 30 32 34 20 20 30 36    JAN. 14,2024  06
3A 32 38 41 4D 0D 53 43 41 4C 45 20 4E 4F 20 31    :28AM.SCALE NO 1
0D 53 54 41 54 55 53 20 83 2A 0D 0A 53 45 54 20    .STATUS .*..SET 
50 31 28 57 29 20 20 20 20 20 20 20 30 2E 30 0D    P1(W)       0.0.
53 45 54 20 50 32 20 20 20 20 20 20 20 30 2E 30    SET P2       0.0
0D 53 45 54 20 50 33 20 20 20 20 20 20 20 30 2E    .SET P3       0.
30 0D 53 45 54 20 50 34 20 20 20 20 20 20 20 30    0.SET P4       0
2E 30 0D 47 52 4F 53 53 20 57 45 49 47 48 54 20    .0.GROSS WEIGHT 
20 20 20 31 31 33 38 2E 30 0D 4E 45 54 20 57 45       1138.0.NET WE
49 47 48 54 20 20 20 20 20 20 20 20 32 31 2E 35    IGHT        21.5
0D 54 41 52 45 20 20 20 20 20 20 31 31 31 36 2E    .TARE      1116.
35 0D 44 41 54 45 20 26 20 54 49 4D 45 20 4A 41    5.DATE & TIME JA
4E 2E 20 31 34 2C 32 30 32 34 20 20 30 36 3A 32    N. 14,2024  06:2
38 41 4D 0D 53 43 41 4C 45 20 4E 4F 20 31 0D 53    8AM.SCALE NO 1.S
54 41 54 55 53 20 83 2A 0D 0A 53 45 54 20 50 31    TATUS .*..SET P1
28 57 29 20 20 20 20 20 20 20 30 2E 30 0D 53 45    (W)       0.0.SE
54 20 50 32 20 20 20 20 20 20 20 30 2E 30 0D 53    T P2       0.0.S
45 54 20 50 33 20 20 20 20 20 20 20 30 2E 30 0D    ET P3       0.0.
53 45 54 20 50 34 20 20 20 20 20 20 20 30 2E 30    SET P4       0.0
0D 47 52 4F 53 53 20 57 45 49 47 48 54 20 20 20    .GROSS WEIGHT   
20 31 31 33 38 2E 30 0D 4E 45 54 20 57 45 49 47     1138.0.NET WEIG
48 54 20 20 20 20 20 20 20 20 32 31 2E 35 0D 54    HT        21.5.T
41 52 45 20 20 20 20 20 20 31 31 31 36 2E 35 0D    ARE      1116.5.
44 41 54 45 20 26 20 54 49 4D 45 20 4A 41 4E 2E    DATE & TIME JAN.
20 31 34 2C 32 30 32 34 20 20 30 36 3A 32 38 41     14,2024  06:28A
4D 0D 53 43 41 4C 45 20 4E 4F 20 31 0D 53 54 41    M.SCALE NO 1.STA
54 55 53 20 83 2A 0D 0A 53 45 54 20 50 31 28 57    TUS .*..SET P1(W
29 20 20 20 20 20 20 20 30 2E 30 0D 53 45 54 20    )       0.0.SET 
50 32 20 20 20 20 20 20 20 30 2E 30 0D 53 45 54    P2       0.0.SET
20 50 33 20 20 20 20 20 20 20 30 2E 30 0D 53 45     P3       0.0.SE
54 20 50 34 20 20 20 20 20 20 20 30 2E 30 0D 47    T P4       0.0.G
52 4F 53 53 20 57 45 49 47 48 54 20 20 20 20 31    ROSS WEIGHT    1
31 33 38 2E 30 0D 4E 45 54 20 57 45 49 47 48 54    138.0.NET WEIGHT
20 20 20 20 20 20 20 20 32 31 2E 35 0D 54 41 52            21.5.TAR
45 20 20 20 20 20 20 31 31 31 36 2E 35 0D 44 41    E      1116.5.DA
54 45 20 26 20 54 49 4D 45 20 4A 41 4E 2E 20 31    TE & TIME JAN. 1
34 2C 32 30 32 34 20 20 30 36 3A 32 38 41 4D 0D    4,2024  06:28AM.
53 43 41 4C 45 20 4E 4F 20 31 0D 53 54 41 54 55    SCALE NO 1.STATU
53 20 83 2A 0D 0A 53 45 54 20 50 31 28 57 29 20    S .*..SET P1(W) 
20 20 20 20 20 20 30 2E 30 0D 53 45 54 20 50 32          0.0.SET P2
20 20 20 20 20 20 20 30 2E 30 0D 53 45 54 20 50           0.0.SET P
33 20 20 20 20 20 20 20 30 2E 30 0D 53 45 54 20    3       0.0.SET 
50 34 20 20 20 20 20 20 20 30 2E 30 0D 47 52 4F    P4       0.0.GRO
53 53 20 57 45 49 47 48 54 20 20 20 20 31 31 33    SS WEIGHT    113
38 2E 30 0D 4E 45 54 20 57 45 49 47 48 54 20 20    8.0.NET WEIGHT  
20 20 20 20 20 20 32 31 2E 35 0D 54 41 52 45 20          21.5.TARE 
20 20 20 20 20 31 31 31 36 2E 35 0D 44 41 54 45         1116.5.DATE
20 26 20 54 49 4D 45 20 4A 41 4E 2E 20 31 34 2C     & TIME JAN. 14,
32 30 32 34 20 20 30 36 3A 32 38 41 4D 0D 53 43    2024  06:28AM.SC
41 4C 45 20 4E 4F 20 31 0D 53 54 41 54 55 53 20    ALE NO 1.STATUS 
83 2A 0D 0A 53 45 54 20 50 31 28 57 29 20 20 20    .*..SET P1(W)   
20 20 20 20 30 2E 30 0D 53 45 54 20 50 32 20 20        0.0.SET P2  
20 20 20 20 20 30 2E 30 0D 53 45 54 20 50 33 20         0.0.SET P3 
20 20 20 20 20 20 30 2E 30 0D 53 45 54 20 50 34          0.0.SET P4
20 20 20 20 20 20 20 30 2E 30 0D 47 52 4F 53 53           0.0.GROSS
20 57 45 49 47 48 54 20 20 20 20 31 31 33 38 2E     WEIGHT    1138.
30 0D 4E 45 54 20 57 45 49 47 48 54 20 20 20 20    0.NET WEIGHT    
20 20 20 20 32 31 2E 35 0D 54 41 52 45 20 20 20        21.5.TARE   
20 20 20 31 31 31 36 2E 35 0D 44 41 54 45 20 26       1116.5.DATE &
20 54 49 4D 45 20 4A 41 4E 2E 20 31 34 2C 32 30     TIME JAN. 14,20
32 34 20 20 30 36 3A 32 38 41 4D 0D 53 43 41 4C    24  06:28AM.SCAL
45 20 4E 4F 20 31 0D 53 54 41 54 55 53 20 83 2A    E NO 1.STATUS .*
0D 0A 53 45 54 20 50 31 28 57 29 20 20 20 20 20    ..SET P1(W)     
20 20 30 2E 30 0D 53 45 54 20 50 32 20 20 20 20      0.0.SET P2    
20 20 20 30 2E 30 0D 53 45 54 20 50 33 20 20 20       0.0.SET P3   
20 20 20 20 30 2E 30 0D 53 45 54 20 50 34 20 20        0.0.SET P4  
20 20 20 20 20 30 2E 30 0D 47 52 4F 53 53 20 57         0.0.GROSS W
45 49 47 48 54 20 20 20 20 31 31 33 38 2E 30 0D    EIGHT    1138.0.
4E 45 54 20 57 45 49 47 48 54 20 20 20 20 20 20    NET WEIGHT      
20 20 32 31 2E 35 0D 54 41 52 45 20 20 20 20 20      21.5.TARE     
20 31 31 31 36 2E 35 0D 44 41 54 45 20 26 20 54     1116.5.DATE & T
49 4D 45 20 4A 41 4E 2E 20 31 34 2C 32 30 32 34    IME JAN. 14,2024
20 20 30 36 3A 32 38 41 4D 0D 53 43 41 4C 45 20      06:28AM.SCALE 
4E 4F 20 31 0D 53 54 41 54 55 53 20 83 2A 0D 0A    NO 1.STATUS .*..
53 45 54 20 50 31 28 57 29 20 20 20 20 20 20 20    SET P1(W)       
30 2E 30 0D 53 45 54 20 50 32 20 20 20 20 20 20    0.0.SET P2      
20 30 2E 30 0D 53 45 54 20 50 33 20 20 20 20 20     0.0.SET P3     
20 20 30 2E 30 0D 53 45 54 20 50 34 20 20 20 20      0.0.SET P4    
20 20 20 30 2E 30 0D 47 52 4F 53 53 20 57 45 49       0.0.GROSS WEI
47 48 54 20 20 20 20 31 31 33 38 2E 30 0D 4E 45    GHT    1138.0.NE
54 20 57 45 49 47 48 54 20 20 20 20 20 20 20 20    T WEIGHT        
32 31 2E 35 0D 54 41 52 45 20 20 20 20 20 20 31    21.5.TARE      1
31 31 36 2E 35 0D 44 41 54 45 20 26 20 54 49 4D    116.5.DATE & TIM
45 20 4A 41 4E 2E 20 31 34 2C 32 30 32 34 20 20    E JAN. 14,2024  
30 36 3A 32 38 41 4D 0D 53 43 41 4C 45 20 4E 4F    06:28AM.SCALE NO
20 31 0D 53 54 41 54 55 53 20 83 2A 0D 0A 53 45     1.STATUS .*..SE
54 20 50 31 28 57 29 20 20 20 20 20 20 20 30 2E    T P1(W)       0.
30 0D 53 45 54 20 50 32 20 20 20 20 20 20 20 30    0.SET P2       0
2E 30 0D 53 45 54 20 50 33 20 20 20 20 20 20 20    .0.SET P3       
30 2E 30 0D 53 45 54 20 50 34 20 20 20 20 20 20    0.0.SET P4      
20 30 2E 30 0D 47 52 4F 53 53 20 57 45 49 47 48     0.0.GROSS WEIGH
54 20 20 20 20 31 31 33 38 2E 30 0D 4E 45 54 20    T    1138.0.NET 
57 45 49 47 48 54 20 20 20 20 20 20 20 20 32 31    WEIGHT        21
2E 35 0D 54 41 52 45 20 20 20 20 20 20 31 31 31    .5.TARE      111
36 2E 35 0D 44 41 54 45 20 26 20 54 49 4D 45 20    6.5.DATE & TIME 
4A 41 4E 2E 20 31 34 2C 32 30 32 34 20 20 30 36    JAN. 14,2024  06
3A 32 38 41 4D 0D 53 43 41 4C 45 20 4E 4F 20 31    :28AM.SCALE NO 1
0D 53 54 41 54 55 53 20 83 2A 0D 0A 53 45 54 20    .STATUS .*..SET 
50 31 28 57 29 20 20 20 20 20 20 20 30 2E 30 0D    P1(W)       0.0.
53 45 54 20 50 32 20 20 20 20 20 20 20 30 2E 30    SET P2       0.0
0D 53 45 54 20 50 33 20 20 20 20 20 20 20 30 2E    .SET P3       0.
30 0D 53 45 54 20 50 34 20 20 20 20 20 20 20 30    0.SET P4       0
2E 30 0D 47 52 4F 53 53 20 57 45 49 47 48 54 20    .0.GROSS WEIGHT 
20 20 20 31 31 33 38 2E 30 0D 4E 45 54 20 57 45       1138.0.NET WE
49 47 48 54 20 20 20 20 20 20 20 20 32 31 2E 35    IGHT        21.5
0D 54 41 52 45 20 20 20 20 20 20 31 31 31 36 2E    .TARE      1116.
35 0D 44 41 54 45 20 26 20 54 49 4D 45 20 4A 41    5.DATE & TIME JA
4E 2E 20 31 34 2C 32 30 32 34 20 20 30 36 3A 32    N. 14,2024  06:2
38 41 4D 0D 53 43 41 4C 45 20 4E 4F 20 31 0D 53    8AM.SCALE NO 1.S
54 41 54 55 53 20 83 2A 0D 0A 53 45 54 20 50 31    TATUS .*..SET P1
28 57 29 20 20 20 20 20 20 20 30 2E 30 0D 53 45    (W)       0.0.SE
54 20 50 32 20 20 20 20 20 20 20 30 2E 30 0D 53    T P2       0.0.S
45 54 20 50 33 20 20 20 20 20 20 20 30 2E 30 0D    ET P3       0.0.
53 45 54 20 50 34 20 20 20 20 20 20 20 30 2E 30    SET P4       0.0
0D 47 52 4F 53 53 20 57 45 49 47 48 54 20 20 20    .GROSS WEIGHT   
20 31 31 33 38 2E 30 0D 4E 45 54 20 57 45 49 47     1138.0.NET WEIG
48 54 20 20 20 20 20 20 20 20 32 31 2E 35 0D 54    HT        21.5.T
41 52 45 20 20 20 20 20 20 31 31 31 36 2E 35 0D    ARE      1116.5.
44 41 54 45 20 26 20 54 49 4D 45 20 4A 41 4E 2E    DATE & TIME JAN.
20 31 34 2C 32 30 32 34 20 20 30 36 3A 32 38 41     14,2024  06:28A
4D 0D 53 43 41 4C 45 20 4E 4F 20 31 0D 53 54 41    M.SCALE NO 1.STA
54 55 53 20 83 2A 0D 0A 53 45 54 20 50 31 28 57    TUS .*..SET P1(W
29 20 20 20 20 20 20 20 30 2E 30 0D 53 45 54 20    )       0.0.SET 
50 32 20 20 20 20 20 20 20 30 2E 30 0D 53 45 54    P2       0.0.SET
20 50 33 20 20 20 20 20 20 20 30 2E 30 0D 53 45     P3       0.0.SE
54 20 50 34 20 20 20 20 20 20 20 30 2E 30 0D 47    T P4       0.0.G
52 4F 53 53 20 57 45 49 47 48 54 20 20 20 20 31    ROSS WEIGHT    1
31 33 38 2E 30 0D 4E 45 54 20 57 45 49 47 48 54    138.0.NET WEIGHT
20 20 20 20 20 20 20 20 32 31 2E 35 0D 54 41 52            21.5.TAR
45 20 20 20 20 20 20 31 31 31 36 2E 35 0D 44 41    E      1116.5.DA
54 45 20 26 20 54 49 4D 45 20 4A 41 4E 2E 20 31    TE & TIME JAN. 1
34 2C 32 30 32 34 20 20 30 36 3A 32 38 41 4D 0D    4,2024  06:28AM.
53 43 41 4C 45 20 4E 4F 20 31 0D 53 54 41 54 55    SCALE NO 1.STATU
53 20 83 2A 0D 0A 53 45 54 20 50 31 28 57 29 20    S .*..SET P1(W) 
20 20 20 20 20 20 30 2E 30 0D 53 45 54 20 50 32          0.0.SET P2
20 20 20 20 20 20 20 30 2E 30 0D 53 45 54 20 50           0.0.SET P
33 20 20 20 20 20 20 20 30 2E 30 0D 53 45 54 20    3       0.0.SET 
50 34 20 20 20 20 20 20 20 30 2E 30 0D 47 52 4F    P4       0.0.GRO
53 53 20 57 45 49 47 48 54 20 20 20 20 31 31 33    SS WEIGHT    113
38 2E 30 0D 4E 45 54 20 57 45 49 47 48 54 20 20    8.0.NET WEIGHT  
20 20 20 20 20 20 32 31 2E 35 0D 54 41 52 45 20          21.5.TARE 
20 20 20 20 20 31 31 31 36 2E 35 0D 44 41 54 45         1116.5.DATE
20 26 20 54 49 4D 45 20 4A 41 4E 2E 20 31 34 2C     & TIME JAN. 14,
32 30 32 34 20 20 30 36 3A 32 38 41 4D 0D 53 43    2024  06:28AM.SC
41 4C 45 20 4E 4F 20 31 0D 53 54 41 54 55 53 20    ALE NO 1.STATUS 
83 2A 0D 0A 53 45 54 20 50 31 28 57 29 20 20 20    .*..SET P1(W)   
20 20 20 20 30 2E 30 0D 53 45 54 20 50 32 20 20        0.0.SET P2  
20 20 20 20 20 30 2E 30 0D 53 45 54 20 50 33 20         0.0.SET P3 
20 20 20 20 20 20 30 2E 30 0D 53 45 54 20 50 34          0.0.SET P4
20 20 20 20 20 20 20 30 2E 30 0D 47 52 4F 53 53           0.0.GROSS
20 57 45 49 47 48 54 20 20 20 20 31 31 33 38 2E     WEIGHT    1138.
30 0D 4E 45 54 20 57 45 49 47 48 54 20 20 20 20    0.NET WEIGHT    
20 20 20 20 32 31 2E 35 0D 54 41 52 45 20 20 20        21.5.TARE   
20 20 20 31 31 31 36 2E 35 0D 44 41 54 45 20 26       1116.5.DATE &
20 54 49 4D 45 20 4A 41 4E 2E 20 31 34 2C 32 30     TIME JAN. 14,20
32 34 20 20 30 36 3A 32 38 41 4D 0D 53 43 41 4C    24  06:28AM.SCAL
45 20 4E 4F 20 31 0D 53 54 41 54 55 53 20 83 2A    E NO 1.STATUS .*
0D 0A 53 45 54 20 50 31 28 57 29 20 20 20 20 20    ..SET P1(W)     
20 20 30 2E 30 0D 53 45 54 20 50 32 20 20 20 20      0.0.SET P2    
20 20 20 30 2E 30 0D 53 45 54 20 50 33 20 20 20       0.0.SET P3   
20 20 20 20 30 2E 30 0D 53 45 54 20 50 34 20 20        0.0.SET P4  
20 20 20 20 20 30 2E 30 0D 47 52 4F 53 53 20 57         0.0.GROSS W
45 49 47 48 54 20 20 20 20 31 31 33 38 2E 30 0D    EIGHT    1138.0.
4E 45 54 20 57 45 49 47 48 54 20 20 20 20 20 20    NET WEIGHT      
20 20 32 31 2E 35 0D 54 41 52 45 20 20 20 20 20      21.5.TARE     
20 31 31 31 36 2E 35 0D 44 41 54 45 20 26 20 54     1116.5.DATE & T
49 4D 45 20 4A 41 4E 2E 20 31 34 2C 32 30 32 34    IME JAN. 14,2024
20 20 30 36 3A 32 38 41 4D 0D 53 43 41 4C 45 20      06:28AM.SCALE 
4E 4F 20 31 0D 53 54 41 54 55 53 20 83 2A 0D 0A    NO 1.STATUS .*..
53 45 54 20 50 31 28 57 29 20 20 20 20 20 20 20    SET P1(W)       
30 2E 30 0D 53 45 54 20 50 32 20 20 20 20 20 20    0.0.SET P2      
20 30 2E 30 0D 53 45 54 20 50 33 20 20 20 20 20     0.0.SET P3     
20 20 30 2E 30 0D 53 45 54 20 50 34 20 20 20 20      0.0.SET P4    
20 20 20 30 2E 30 0D 47 52 4F 53 53 20 57 45 49       0.0.GROSS WEI
47 48 54 20 20 20 20 31 31 33 38 2E 30 0D 4E 45    GHT    1138.0.NE
54 20 57 45 49 47 48 54 20 20 20 20 20 20 20 20    T WEIGHT        
32 31 2E 35 0D 54 41 52 45 20 20 20 20 20 20 31    21.5.TARE      1
31 31 36 2E 35 0D 44 41 54 45 20 26 20 54 49 4D    116.5.DATE & TIM
45 20 4A 41 4E 2E 20 31 34 2C 32 30 32 34 20 20    E JAN. 14,2024  
30 36 3A 32 38 41 4D 0D 53 43 41 4C 45 20 4E 4F    06:28AM.SCALE NO
20 31 0D 53 54 41 54 55 53 20 83 2A 0D 0A 53 45     1.STATUS .*..SE
54 20 50 31 28 57 29 20 20 20 20 20 20 20 30 2E    T P1(W)       0.
30 0D 53 45 54 20 50 32 20 20 20 20 20 20 20 30    0.SET P2       0
2E 30 0D 53 45 54 20 50 33 20 20 20 20 20 20 20    .0.SET P3       
30 2E 30 0D 53 45 54 20 50 34 20 20 20 20 20 20    0.0.SET P4      
20 30 2E 30 0D 47 52 4F 53 53 20 57 45 49 47 48     0.0.GROSS WEIGH
54 20 20 20 20 31 31 33 38 2E 30 0D 4E 45 54 20    T    1138.0.NET 
57 45 49 47 48 54 20 20 20 20 20 20 20 20 32 31    WEIGHT        21
2E 35 0D 54 41 52 45 20 20 20 20 20 20 31 31 31    .5.TARE      111
36 2E 35 0D 44 41 54 45 20 26 20 54 49 4D 45 20    6.5.DATE & TIME 
4A 41 4E 2E 20 31 34 2C 32 30 32 34 20 20 30 36    JAN. 14,2024  06
3A 32 38 41 4D 0D 53 43 41 4C 45 20 4E 4F 20 31    :28AM.SCALE NO 1
0D 53 54 41 54 55 53 20 83 2A 0D 0A 53 45 54 20    .STATUS .*..SET 
50 31 28 57 29 20 20 20 20 20 20 20 30 2E 30 0D    P1(W)       0.0.
53 45 54 20 50 32 20 20 20 20 20 20 20 30 2E 30    SET P2       0.0
0D 53 45 54 20 50 33 20 20 20 20 20 20 20 30 2E    .SET P3       0.
30 0D 53 45 54 20 50 34 20 20 20 20 20 20 20 30    0.SET P4       0
2E 30 0D 47 52 4F 53 53 20 57 45 49 47 48 54 20    .0.GROSS WEIGHT 
20 20 20 31 31 33 38 2E 30 0D 4E 45 54 20 57 45       1138.0.NET WE
49 47 48 54 20 20 20 20 20 20 20 20 32 31 2E 35    IGHT        21.5
0D 54 41 52 45 20 20 20 20 20 20 31 31 31 36 2E    .TARE      1116.
35 0D 44 41 54 45 20 26 20 54 49 4D 45 20 4A 41    5.DATE & TIME JA
4E 2E 20 31 34 2C 32 30 32 34 20 20 30 36 3A 32    N. 14,2024  06:2
38 41 4D 0D 53 43 41 4C 45 20 4E 4F 20 31 0D 53    8AM.SCALE NO 1.S
54 41 54 55 53 20 83 2A 0D 0A 53 45 54 20 50 31    TATUS .*..SET P1
28 57 29 20 20 20 20 20 20 20 30 2E 30 0D 53 45    (W)       0.0.SE
54 20 50 32 20 20 20 20 20 20 20 30 2E 30 0D 53    T P2       0.0.S
45 54 20 50 33 20 20 20 20 20 20 20 30 2E 30 0D    ET P3       0.0.
53 45 54 20 50 34 20 20 20 20 20 20 20 30 2E 30    SET P4       0.0
0D 47 52 4F 53 53 20 57 45 49 47 48 54 20 20 20    .GROSS WEIGHT   
20 31 31 33 38 2E 30 0D 4E 45 54 20 57 45 49 47     1138.0.NET WEIG
48 54 20 20 20 20 20 20 20 20 32 31 2E 35 0D 54    HT        21.5.T
41 52 45 20 20 20 20 20 20 31 31 31 36 2E 35 0D    ARE      1116.5.
44 41 54 45 20 26 20 54 49 4D 45 20 4A 41 4E 2E    DATE & TIME JAN.
20 31 34 2C 32 30 32 34 20 20 30 36 3A 32 38 41     14,2024  06:28A
4D 0D 53 43 41 4C 45 20 4E 4F 20 31 0D 53 54 41    M.SCALE NO 1.STA
54 55 53 20 83 2A 0D 0A 53 45 54 20 50 31 28 57    TUS .*..SET P1(W
29 20 20 20 20 20 20 20 30 2E 30 0D 53 45 54 20    )       0.0.SET 
50 32 20 20 20 20 20 20 20 30 2E 30 0D 53 45 54    P2       0.0.SET
20 50 33 20 20 20 20 20 20 20 30 2E 30 0D 53 45     P3       0.0.SE
54 20 50 34 20 20 20 20 20 20 20 30 2E 30 0D 47    T P4       0.0.G
52 4F 53 53 20 57 45 49 47 48 54 20 20 20 20 31    ROSS WEIGHT    1
31 33 38 2E 30 0D 4E 45 54 20 57 45 49 47 48 54    138.0.NET WEIGHT
20 20 20 20 20 20 20 20 32 31 2E 35 0D 54 41 52            21.5.TAR
45 20 20 20 20 20 20 31 31 31 36 2E 35 0D 44 41    E      1116.5.DA
54 45 20 26 20 54 49 4D 45 20 4A 41 4E 2E 20 31    TE & TIME JAN. 1
34 2C 32 30 32 34 20 20 30 36 3A 32 38 41 4D 0D    4,2024  06:28AM.
53 43 41 4C 45 20 4E 4F 20 31 0D 53 54 41 54 55    SCALE NO 1.STATU
53 20 83 2A 0D 0A 53 45 54 20 50 31 28 57 29 20    S .*..SET P1(W) 
20 20 20 20 20 20 30 2E 30 0D 53 45 54 20 50 32          0.0.SET P2
20 20 20 20 20 20 20 30 2E 30 0D 53 45 54 20 50           0.0.SET P
33 20 20 20 20 20 20 20 30 2E 30 0D 53 45 54 20    3       0.0.SET 
50 34 20 20 20 20 20 20 20 30 2E 30 0D 47 52 4F    P4       0.0.GRO
53 53 20 57 45 49 47 48 54 20 20 20 20 31 31 33    SS WEIGHT    113
38 2E 30 0D 4E 45 54 20 57 45 49 47 48 54 20 20    8.0.NET WEIGHT  
20 20 20 20 20 20 32 31 2E 35 0D 54 41 52 45 20          21.5.TARE 
20 20 20 20 20 31 31 31 36 2E 35 0D 44 41 54 45         1116.5.DATE
20 26 20 54 49 4D 45 20 4A 41 4E 2E 20 31 34 2C     & TIME JAN. 14,
32 30 32 34 20 20 30 36 3A 32 38 41 4D 0D 53 43    2024  06:28AM.SC
41 4C 45 20 4E 4F 20 31 0D 53 54 41 54 55 53 20    ALE NO 1.STATUS 
83 2A 0D 0A 53 45 54 20 50 31 28 57 29 20 20 20    .*..SET P1(W)   
20 20 20 20 30 2E 30 0D 53 45 54 20 50 32 20 20        0.0.SET P2  
20 20 20 20 20 30 2E 30 0D 53 45 54 20 50 33 20         0.0.SET P3 
20 20 20 20 20 20 30 2E 30 0D 53 45 54 20 50 34          0.0.SET P4
20 20 20 20 20 20 20 30 2E 30 0D 47 52 4F 53 53           0.0.GROSS
20 57 45 49 47 48 54 20 20 20 20 31 31 33 38 2E     WEIGHT    1138.
30 0D 4E 45 54 20 57 45 49 47 48 54 20 20 20 20    0.NET WEIGHT    
20 20 20 20 32 31 2E 35 0D 54 41 52 45 20 20 20        21.5.TARE   
20 20 20 31 31 31 36 2E 35 0D 44 41 54 45 20 26       1116.5.DATE &
20 54 49 4D 45 20 4A 41 4E 2E 20 31 34 2C 32 30     TIME JAN. 14,20
32 34 20 20 30 36 3A 32 39 41 4D 0D 53 43 41 4C    24  06:29AM.SCAL
45 20 4E 4F 20 31 0D 53 54 41 54 55 53 20 83 2A    E NO 1.STATUS .*
0D 0A 53 45 54 20 50 31 28 57 29 20 20 20 20 20    ..SET P1(W)     
20 20 30 2E 30 0D 53 45 54 20 50 32 20 20 20 20      0.0.SET P2    
20 20 20 30 2E 30 0D 53 45 54 20 50 33 20 20 20       0.0.SET P3   
20 20 20 20 30 2E 30 0D 53 45 54 20 50 34 20 20        0.0.SET P4  
20 20 20 20 20 30 2E 30 0D 47 52 4F 53 53 20 57         0.0.GROSS W
45 49 47 48 54 20 20 20 20 31 31 33 38 2E 30 0D    EIGHT    1138.0.
4E 45 54 20 57 45 49 47 48 54 20 20 20 20 20 20    NET WEIGHT      
20 20 32 31 2E 35 0D 54 41 52 45 20 20 20 20 20      21.5.TARE     
20 31 31 31 36 2E 35 0D 44 41 54 45 20 26 20 54     1116.5.DATE & T
49 4D 45 20 4A 41 4E 2E 20 31 34 2C 32 30 32 34    IME JAN. 14,2024
20 20 30 36 3A 32 39 41 4D 0D 53 43 41 4C 45 20      06:29AM.SCALE 
4E 4F 20 31 0D 53 54 41 54 55 53 20 83 2A 0D 0A    NO 1.STATUS .*..
53 45 54 20 50 31 28 57 29 20 20 20 20 20 20 20    SET P1(W)       
30 2E 30 0D 53 45 54 20 50 32 20 20 20 20 20 20    0.0.SET P2      
20 30 2E 30 0D 53 45 54 20 50 33 20 20 20 20 20     0.0.SET P3     
20 20 30 2E 30 0D 53 45 54 20 50 34 20 20 20 20      0.0.SET P4    
20 20 20 30 2E 30 0D 47 52 4F 53 53 20 57 45 49       0.0.GROSS WEI
47 48 54 20 20 20 20 31 31 33 38 2E 30 0D 4E 45    GHT    1138.0.NE
54 20 57 45 49 47 48 54 20 20 20 20 20 20 20 20    T WEIGHT        
32 31 2E 35 0D 54 41 52 45 20 20 20 20 20 20 31    21.5.TARE      1
31 31 36 2E 35 0D 44 41 54 45 20 26 20 54 49 4D    116.5.DATE & TIM
45 20 4A 41 4E 2E 20 31 34 2C 32 30 32 34 20 20    E JAN. 14,2024  
30 36 3A 32 39 41 4D 0D 53 43 41 4C 45 20 4E 4F    06:29AM.SCALE NO
20 31 0D 53 54 41 54 55 53 20 83 2A 0D 0A 53 45     1.STATUS .*..SE
54 20 50 31 28 57 29 20 20 20 20 20 20 20 30 2E    T P1(W)       0.
30 0D 53 45 54 20 50 32 20 20 20 20 20 20 20 30    0.SET P2       0
2E 30 0D 53 45 54 20 50 33 20 20 20 20 20 20 20    .0.SET P3       
30 2E 30 0D 53 45 54 20 50 34 20 20 20 20 20 20    0.0.SET P4      
20 30 2E 30 0D 47 52 4F 53 53 20 57 45 49 47 48     0.0.GROSS WEIGH
54 20 20 20 20 31 31 33 38 2E 30 0D 4E 45 54 20    T    1138.0.NET 
57 45 49 47 48 54 20 20 20 20 20 20 20 20 32 31    WEIGHT        21
2E 35 0D 54 41 52 45 20 20 20 20 20 20 31 31 31    .5.TARE      111
36 2E 35 0D 44 41 54 45 20 26 20 54 49 4D 45 20    6.5.DATE & TIME 
4A 41 4E 2E 20 31 34 2C 32 30 32 34 20 20 30 36    JAN. 14,2024  06
3A 32 39 41 4D 0D 53 43 41 4C 45 20 4E 4F 20 31    :29AM.SCALE NO 1
0D 53 54 41 54 55 53 20 83 2A 0D 0A 53 45 54 20    .STATUS .*..SET 
50 31 28 57 29 20 20 20 20 20 20 20 30 2E 30 0D    P1(W)       0.0.
53 45 54 20 50 32 20 20 20 20 20 20 20 30 2E 30    SET P2       0.0
0D 53 45 54 20 50 33 20 20 20 20 20 20 20 30 2E    .SET P3       0.
30 0D 53 45 54 20 50 34 20 20 20 20 20 20 20 30    0.SET P4       0
2E 30 0D 47 52 4F 53 53 20 57 45 49 47 48 54 20    .0.GROSS WEIGHT 
20 20 20 31 31 33 38 2E 30 0D 4E 45 54 20 57 45       1138.0.NET WE
49 47 48 54 20 20 20 20 20 20 20 20 32 31 2E 35    IGHT        21.5
0D 54 41 52 45 20 20 20 20 20 20 31 31 31 36 2E    .TARE      1116.
35 0D 44 41 54 45 20 26 20 54 49 4D 45 20 4A 41    5.DATE & TIME JA
4E 2E 20 31 34 2C 32 30 32 34 20 20 30 36 3A 32    N. 14,2024  06:2
39 41 4D 0D 53 43 41 4C 45 20 4E 4F 20 31 0D 53    9AM.SCALE NO 1.S
54 41 54 55 53 20 83 2A 0D 0A 53 45 54 20 50 31    TATUS .*..SET P1
28 57 29 20 20 20 20 20 20 20 30 2E 30 0D 53 45    (W)       0.0.SE
54 20 50 32 20 20 20 20 20 20 20 30 2E 30 0D 53    T P2       0.0.S
45 54 20 50 33 20 20 20 20 20 20 20 30 2E 30 0D    ET P3       0.0.
53 45 54 20 50 34 20 20 20 20 20 20 20 30 2E 30    SET P4       0.0
0D 47 52 4F 53 53 20 57 45 49 47 48 54 20 20 20    .GROSS WEIGHT   
20 31 31 33 38 2E 30 0D 4E 45 54 20 57 45 49 47     1138.0.NET WEIG
48 54 20 20 20 20 20 20 20 20 32 31 2E 35 0D 54    HT        21.5.T
41 52 45 20 20 20 20 20 20 31 31 31 36 2E 35 0D    ARE      1116.5.
44 41 54 45 20 26 20 54 49 4D 45 20 4A 41 4E 2E    DATE & TIME JAN.
20 31 34 2C 32 30 32 34 20 20 30 36 3A 32 39 41     14,2024  06:29A
4D 0D 53 43 41 4C 45 20 4E 4F 20 31 0D 53 54 41    M.SCALE NO 1.STA
54 55 53 20 83 2A 0D 0A 53 45 54 20 50 31 28 57    TUS .*..SET P1(W
29 20 20 20 20 20 20 20 30 2E 30 0D 53 45 54 20    )       0.0.SET 
50 32 20 20 20 20 20 20 20 30 2E 30 0D 53 45 54    P2       0.0.SET
20 50 33 20 20 20 20 20 20 20 30 2E 30 0D 53 45     P3       0.0.SE
54 20 50 34 20 20 20 20 20 20 20 30 2E 30 0D 47    T P4       0.0.G
52 4F 53 53 20 57 45 49 47 48 54 20 20 20 20 31    ROSS WEIGHT    1
31 33 38 2E 30 0D 4E 45 54 20 57 45 49 47 48 54    138.0.NET WEIGHT
20 20 20 20 20 20 20 20 32 31 2E 35 0D 54 41 52            21.5.TAR
45 20 20 20 20 20 20 31 31 31 36 2E 35 0D 44 41    E      1116.5.DA
54 45 20 26 20 54 49 4D 45 20 4A 41 4E 2E 20 31    TE & TIME JAN. 1
34 2C 32 30 32 34 20 20 30 36 3A 32 39 41 4D 0D    4,2024  06:29AM.
53 43 41 4C 45 20 4E 4F 20 31 0D 53 54 41 54 55    SCALE NO 1.STATU
53 20 83 2A 0D 0A 53 45 54 20 50 31 28 57 29 20    S .*..SET P1(W) 
20 20 20 20 20 20 30 2E 30 0D 53 45 54 20 50 32          0.0.SET P2
20 20 20 20 20 20 20 30 2E 30 0D 53 45 54 20 50           0.0.SET P
33 20 20 20 20 20 20 20 30 2E 30 0D 53 45 54 20    3       0.0.SET 
50 34 20 20 20 20 20 20 20 30 2E 30 0D 47 52 4F    P4       0.0.GRO
53 53 20 57 45 49 47 48 54 20 20 20 20 31 31 33    SS WEIGHT    113
38 2E 30 0D 4E 45 54 20 57 45 49 47 48 54 20 20    8.0.NET WEIGHT  
20 20 20 20 20 20 32 31 2E 35 0D 54 41 52 45 20          21.5.TARE 
20 20 20 20 20 31 31 31 36 2E 35 0D 44 41 54 45         1116.5.DATE
20 26 20 54 49 4D 45 20 4A 41 4E 2E 20 31 34 2C     & TIME JAN. 14,
32 30 32 34 20 20 30 36 3A 32 39 41 4D 0D 53 43    2024  06:29AM.SC
41 4C 45 20 4E 4F 20 31 0D 53 54 41 54 55 53 20    ALE NO 1.STATUS 
83 2A 0D 0A 53 45 54 20 50 31 28 57 29 20 20 20    .*..SET P1(W)   
20 20 20 20 30 2E 30 0D 53 45 54 20 50 32 20 20        0.0.SET P2  
20 20 20 20 20 30 2E 30 0D 53 45 54 20 50 33 20         0.0.SET P3 
20 20 20 20 20 20 30 2E 30 0D 53 45 54 20 50 34          0.0.SET P4
20 20 20 20 20 20 20 30 2E 30 0D 47 52 4F 53 53           0.0.GROSS
20 57 45 49 47 48 54 20 20 20 20 31 31 33 38 2E     WEIGHT    1138.
30 0D 4E 45 54 20 57 45 49 47 48 54 20 20 20 20    0.NET WEIGHT    
20 20 20 20 32 31 2E 35 0D 54 41 52 45 20 20 20        21.5.TARE   
20 20 20 31 31 31 36 2E 35 0D 44 41 54 45 20 26       1116.5.DATE &
20 54 49 4D 45 20 4A 41 4E 2E 20 31 34 2C 32 30     TIME JAN. 14,20
32 34 20 20 30 36 3A 32 39 41 4D 0D 53 43 41 4C    24  06:29AM.SCAL
45 20 4E 4F 20 31 0D 53 54 41 54 55 53 20 83 2A    E NO 1.STATUS .*
0D 0A 53 45 54 20 50 31 28 57 29 20 20 20 20 20    ..SET P1(W)     
20 20 30 2E 30 0D 53 45 54 20 50 32 20 20 20 20      0.0.SET P2    
20 20 20 30 2E 30 0D 53 45 54 20 50 33 20 20 20       0.0.SET P3   
20 20 20 20 30 2E 30 0D 53 45 54 20 50 34 20 20        0.0.SET P4  
20 20 20 20 20 30 2E 30 0D 47 52 4F 53 53 20 57         0.0.GROSS W
45 49 47 48 54 20 20 20 20 31 31 33 38 2E 30 0D    EIGHT    1138.0.
4E 45 54 20 57 45 49 47 48 54 20 20 20 20 20 20    NET WEIGHT      
20 20 32 31 2E 35 0D 54 41 52 45 20 20 20 20 20      21.5.TARE     
20 31 31 31 36 2E 35 0D 44 41 54 45 20 26 20 54     1116.5.DATE & T
49 4D 45 20 4A 41 4E 2E 20 31 34 2C 32 30 32 34    IME JAN. 14,2024
20 20 30 36 3A 32 39 41 4D 0D 53 43 41 4C 45 20      06:29AM.SCALE 
4E 4F 20 31 0D 53 54 41 54 55 53 20 83 2A 0D 0A    NO 1.STATUS .*..
53 45 54 20 50 31 28 57 29 20 20 20 20 20 20 20    SET P1(W)       
30 2E 30 0D 53 45 54 20 50 32 20 20 20 20 20 20    0.0.SET P2      
20 30 2E 30 0D 53 45 54 20 50 33 20 20 20 20 20     0.0.SET P3     
20 20 30 2E 30 0D 53 45 54 20 50 34 20 20 20 20      0.0.SET P4    
20 20 20 30 2E 30 0D 47 52 4F 53 53 20 57 45 49       0.0.GROSS WEI
47 48 54 20 20 20 20 31 31 33 38 2E 30 0D 4E 45    GHT    1138.0.NE
54 20 57 45 49 47 48 54 20 20 20 20 20 20 20 20    T WEIGHT        
32 31 2E 35 0D 54 41 52 45 20 20 20 20 20 20 31    21.5.TARE      1
31 31 36 2E 35 0D 44 41 54 45 20 26 20 54 49 4D    116.5.DATE & TIM
45 20 4A 41 4E 2E 20 31 34 2C 32 30 32 34 20 20    E JAN. 14,2024  
30 36 3A 32 39 41 4D 0D 53 43 41 4C 45 20 4E 4F    06:29AM.SCALE NO
20 31 0D 53 54 41 54 55 53 20 83 2A 0D 0A 53 45     1.STATUS .*..SE
54 20 50 31 28 57 29 20 20 20 20 20 20 20 30 2E    T P1(W)       0.
30 0D 53 45 54 20 50 32 20 20 20 20 20 20 20 30    0.SET P2       0
2E 30 0D 53 45 54 20 50 33 20 20 20 20 20 20 20    .0.SET P3       
30 2E 30 0D 53 45 54 20 50 34 20 20 20 20 20 20    0.0.SET P4      
20 30 2E 30 0D 47 52 4F 53 53 20 57 45 49 47 48     0.0.GROSS WEIGH
54 20 20 20 20 31 31 33 38 2E 30 0D 4E 45 54 20    T    1138.0.NET 
57 45 49 47 48 54 20 20 20 20 20 20 20 20 32 31    WEIGHT        21
2E 35 0D 54 41 52 45 20 20 20 20 20 20 31 31 31    .5.TARE      111
36 2E 35 0D 44 41 54 45 20 26 20 54 49 4D 45 20    6.5.DATE & TIME 
4A 41 4E 2E 20 31 34 2C 32 30 32 34 20 20 30 36    JAN. 14,2024  06
3A 32 39 41 4D 0D 53 43 41 4C 45 20 4E 4F 20 31    :29AM.SCALE NO 1
0D 53 54 41 54 55 53 20 83 2A 0D 0A 53 45 54 20    .STATUS .*..SET 
50 31 28 57 29 20 20 20 20 20 20 20 30 2E 30 0D    P1(W)       0.0.
53 45 54 20 50 32 20 20 20 20 20 20 20 30 2E 30    SET P2       0.0
0D 53 45 54 20 50 33 20 20 20 20 20 20 20 30 2E    .SET P3       0.
30 0D 53 45 54 20 50 34 20 20 20 20 20 20 20 30    0.SET P4       0
2E 30 0D 47 52 4F 53 53 20 57 45 49 47 48 54 20    .0.GROSS WEIGHT 
20 20 20 31 31 33 38 2E 30 0D 4E 45 54 20 57 45       1138.0.NET WE
49 47 48 54 20 20 20 20 20 20 20 20 32 31 2E 35    IGHT        21.5
0D 54 41 52 45 20 20 20 20 20 20 31 31 31 36 2E    .TARE      1116.
35 0D 44 41 54 45 20 26 20 54 49 4D 45 20 4A 41    5.DATE & TIME JA
4E 2E 20 31 34 2C 32 30 32 34 20 20 30 36 3A 32    N. 14,2024  06:2
39 41 4D 0D 53 43 41 4C 45 20 4E 4F 20 31 0D 53    9AM.SCALE NO 1.S
54 41 54 55 53 20 83 2A 0D 0A 53 45 54 20 50 31    TATUS .*..SET P1
28 57 29 20 20 20 20 20 20 20 30 2E 30 0D 53 45    (W)       0.0.SE
54 20 50 32 20 20 20 20 20 20 20 30 2E 30 0D 53    T P2       0.0.S
45 54 20 50 33 20 20 20 20 20 20 20 30 2E 30 0D    ET P3       0.0.
53 45 54 20 50 34 20 20 20 20 20 20 20 30 2E 30    SET P4       0.0
0D 47 52 4F 53 53 20 57 45 49 47 48 54 20 20 20    .GROSS WEIGHT   
20 31 31 33 38 2E 30 0D 4E 45 54 20 57 45 49 47     1138.0.NET WEIG
48 54 20 20 20 20 20 20 20 20 32 31 2E 35 0D 54    HT        21.5.T
41 52 45 20 20 20 20 20 20 31 31 31 36 2E 35 0D    ARE      1116.5.
44 41 54 45 20 26 20 54 49 4D 45 20 4A 41 4E 2E    DATE & TIME JAN.
20 31 34 2C 32 30 32 34 20 20 30 36 3A 32 39 41     14,2024  06:29A
4D 0D 53 43 41 4C 45 20 4E 4F 20 31 0D 53 54 41    M.SCALE NO 1.STA
54 55 53 20 83 2A 0D 0A 53 45 54 20 50 31 28 57    TUS .*..SET P1(W
29 20 20 20 20 20 20 20 30 2E 30 0D 53 45 54 20    )       0.0.SET 
50 32 20 20 20 20 20 20 20 30 2E 30 0D 53 45 54    P2       0.0.SET
20 50 33 20 20 20 20 20 20 20 30 2E 30 0D 53 45     P3       0.0.SE
54 20 50 34 20 20 20 20 20 20 20 30 2E 30 0D 47    T P4       0.0.G
52 4F 53 53 20 57 45 49 47 48 54 20 20 20 20 31    ROSS WEIGHT    1
31 33 38 2E 30 0D 4E 45 54 20 57 45 49 47 48 54    138.0.NET WEIGHT
20 20 20 20 20 20 20 20 32 31 2E 35 0D 54 41 52            21.5.TAR
45 20 20 20 20 20 20 31 31 31 36 2E 35 0D 44 41    E      1116.5.DA
54 45 20 26 20 54 49 4D 45 20 4A 41 4E 2E 20 31    TE & TIME JAN. 1
34 2C 32 30 32 34 20 20 30 36 3A 32 39 41 4D 0D    4,2024  06:29AM.
53 43 41 4C 45 20 4E 4F 20 31 0D 53 54 41 54 55    SCALE NO 1.STATU
53 20 83 2A 0D 0A 53 45 54 20 50 31 28 57 29 20    S .*..SET P1(W) 
20 20 20 20 20 20 30 2E 30 0D 53 45 54 20 50 32          0.0.SET P2
20 20 20 20 20 20 20 30 2E 30 0D 53 45 54 20 50           0.0.SET P
33 20 20 20 20 20 20 20 30 2E 30 0D 53 45 54 20    3       0.0.SET 
50 34 20 20 20 20 20 20 20 30 2E 30 0D 47 52 4F    P4       0.0.GRO
53 53 20 57 45 49 47 48 54 20 20 20 20 31 31 33    SS WEIGHT    113
38 2E 30 0D 4E 45 54 20 57 45 49 47 48 54 20 20    8.0.NET WEIGHT  
20 20 20 20 20 20 32 31 2E 35 0D 54 41 52 45 20          21.5.TARE 
20 20 20 20 20 31 31 31 36 2E 35 0D 44 41 54 45         1116.5.DATE
20 26 20 54 49 4D 45 20 4A 41 4E 2E 20 31 34 2C     & TIME JAN. 14,
32 30 32 34 20 20 30 36 3A 32 39 41 4D 0D 53 43    2024  06:29AM.SC
41 4C 45 20 4E 4F 20 31 0D 53 54 41 54 55 53 20    ALE NO 1.STATUS 
83 2A 0D 0A 53 45 54 20 50 31 28 57 29 20 20 20    .*..SET P1(W)   
20 20 20 20 30 2E 30 0D 53 45 54 20 50 32 20 20        0.0.SET P2  
20 20 20 20 20 30 2E 30 0D 53 45 54 20 50 33 20         0.0.SET P3 
20 20 20 20 20 20 30 2E 30 0D 53 45 54 20 50 34          0.0.SET P4
20 20 20 20 20 20 20 30 2E 30 0D 47 52 4F 53 53           0.0.GROSS
20 57 45 49 47 48 54 20 20 20 20 31 31 33 38 2E     WEIGHT    1138.
30 0D 4E 45 54 20 57 45 49 47 48 54 20 20 20 20    0.NET WEIGHT    
20 20 20 20 32 31 2E 35 0D 54 41 52 45 20 20 20        21.5.TARE   
20 20 20 31 31 31 36 2E 35 0D 44 41 54 45 20 26       1116.5.DATE &
20 54 49 4D 45 20 4A 41 4E 2E 20 31 34 2C 32 30     TIME JAN. 14,20
32 34 20 20 30 36 3A 32 39 41 4D 0D 53 43 41 4C    24  06:29AM.SCAL
45 20 4E 4F 20 31 0D 53 54 41 54 55 53 20 83 2A    E NO 1.STATUS .*
0D 0A 53 45 54 20 50 31 28 57 29 20 20 20 20 20    ..SET P1(W)     
20 20 30 2E 30 0D 53 45 54 20 50 32 20 20 20 20      0.0.SET P2    
20 20 20 30 2E 30 0D 53 45 54 20 50 33 20 20 20       0.0.SET P3   
20 20 20 20 30 2E 30 0D 53 45 54 20 50 34 20 20        0.0.SET P4  
20 20 20 20 20 30 2E 30 0D 47 52 4F 53 53 20 57         0.0.GROSS W
45 49 47 48 54 20 20 20 20 31 31 33 38 2E 30 0D    EIGHT    1138.0.
4E 45 54 20 57 45 49 47 48 54 20 20 20 20 20 20    NET WEIGHT      
20 20 32 31 2E 35 0D 54 41 52 45 20 20 20 20 20      21.5.TARE     
20 31 31 31 36 2E 35 0D 44 41 54 45 20 26 20 54     1116.5.DATE & T
49 4D 45 20 4A 41 4E 2E 20 31 34 2C 32 30 32 34    IME JAN. 14,2024
20 20 30 36 3A 32 39 41 4D 0D 53 43 41 4C 45 20      06:29AM.SCALE 
4E 4F 20 31 0D 53 54 41 54 55 53 20 83 2A 0D 0A    NO 1.STATUS .*..
53 45 54 20 50 31 28 57 29 20 20 20 20 20 20 20    SET P1(W)       
30 2E 30 0D 53 45 54 20 50 32 20 20 20 20 20 20    0.0.SET P2      
20 30 2E 30 0D 53 45 54 20 50 33 20 20 20 20 20     0.0.SET P3     
20 20 30 2E 30 0D 53 45 54 20 50 34 20 20 20 20      0.0.SET P4    
20 20 20 30 2E 30 0D 47 52 4F 53 53 20 57 45 49       0.0.GROSS WEI
47 48 54 20 20 20 20 31 31 33 38 2E 30 0D 4E 45    GHT    1138.0.NE
54 20 57 45 49 47 48 54 20 20 20 20 20 20 20 20    T WEIGHT        
32 31 2E 35 0D 54 41 52 45 20 20 20 20 20 20 31    21.5.TARE      1
31 31 36 2E 35 0D 44 41 54 45 20 26 20 54 49 4D    116.5.DATE & TIM
45 20 4A 41 4E 2E 20 31 34 2C 32 30 32 34 20 20    E JAN. 14,2024  
30 36 3A 32 39 41 4D 0D 53 43 41 4C 45 20 4E 4F    06:29AM.SCALE NO
20 31 0D 53 54 41 54 55 53 20 83 2A 0D 0A 53 45     1.STATUS .*..SE
54 20 50 31 28 57 29 20 20 20 20 20 20 20 30 2E    T P1(W)       0.
30 0D 53 45 54 20 50 32 20 20 20 20 20 20 20 30    0.SET P2       0
2E 30 0D 53 45 54 20 50 33 20 20 20 20 20 20 20    .0.SET P3       
30 2E 30 0D 53 45 54 20 50 34 20 20 20 20 20 20    0.0.SET P4      
20 30 2E 30 0D 47 52 4F 53 53 20 57 45 49 47 48     0.0.GROSS WEIGH
54 20 20 20 20 31 31 33 38 2E 30 0D 4E 45 54 20    T    1138.0.NET 
57 45 49 47 48 54 20 20 20 20 20 20 20 20 32 31    WEIGHT        21
2E 35 0D 54 41 52 45 20 20 20 20 20 20 31 31 31    .5.TARE      111
36 2E 35 0D 44 41 54 45 20 26 20 54 49 4D 45 20    6.5.DATE & TIME 
4A 41 4E 2E 20 31 34 2C 32 30 32 34 20 20 30 36    JAN. 14,2024  06
3A 32 39 41 4D 0D 53 43 41 4C 45 20 4E 4F 20 31    :29AM.SCALE NO 1
0D 53 54 41 54 55 53 20 83 2A 0D 0A 53 45 54 20    .STATUS .*..SET 
50 31 28 57 29 20 20 20 20 20 20 20 30 2E 30 0D    P1(W)       0.0.
53 45 54 20 50 32 20 20 20 20 20 20 20 30 2E 30    SET P2       0.0
0D 53 45 54 20 50 33 20 20 20 20 20 20 20 30 2E    .SET P3       0.
30 0D 53 45 54 20 50 34 20 20 20 20 20 20 20 30    0.SET P4       0
2E 30 0D 47 52 4F 53 53 20 57 45 49 47 48 54 20    .0.GROSS WEIGHT 
20 20 20 31 31 33 38 2E 30 0D 4E 45 54 20 57 45       1138.0.NET WE
49 47 48 54 20 20 20 20 20 20 20 20 32 31 2E 35    IGHT        21.5
0D 54 41 52 45 20 20 20 20 20 20 31 31 31 36 2E    .TARE      1116.
35 0D 44 41 54 45 20 26 20 54 49 4D 45 20 4A 41    5.DATE & TIME JA
4E 2E 20 31 34 2C 32 30 32 34 20 20 30 36 3A 32    N. 14,2024  06:2
39 41 4D 0D 53 43 41 4C 45 20 4E 4F 20 31 0D 53    9AM.SCALE NO 1.S
54 41 54 55 53 20 83 2A 0D 0A 53 45 54 20 50 31    TATUS .*..SET P1
28 57 29 20 20 20 20 20 20 20 30 2E 30 0D 53 45    (W)       0.0.SE
54 20 50 32 20 20 20 20 20 20 20 30 2E 30 0D 53    T P2       0.0.S
45 54 20 50 33 20 20 20 20 20 20 20 30 2E 30 0D    ET P3       0.0.
53 45 54 20 50 34 20 20 20 20 20 20 20 30 2E 30    SET P4       0.0
0D 47 52 4F 53 53 20 57 45 49 47 48 54 20 20 20    .GROSS WEIGHT   
20 31 31 33 38 2E 30 0D 4E 45 54 20 57 45 49 47     1138.0.NET WEIG
48 54 20 20 20 20 20 20 20 20 32 31 2E 35 0D 54    HT        21.5.T
41 52 45 20 20 20 20 20 20 31 31 31 36 2E 35 0D    ARE      1116.5.
44 41 54 45 20 26 20 54 49 4D 45 20 4A 41 4E 2E    DATE & TIME JAN.
20 31 34 2C 32 30 32 34 20 20 30 36 3A 32 39 41     14,2024  06:29A
4D 0D 53 43 41 4C 45 20 4E 4F 20 31 0D 53 54 41    M.SCALE NO 1.STA
54 55 53 20 83 2A 0D 0A 53 45 54 20 50 31 28 57    TUS .*..SET P1(W
29 20 20 20 20 20 20 20 30 2E 30 0D 53 45 54 20    )       0.0.SET 
50 32 20 20 20 20 20 20 20 30 2E 30 0D 53 45 54    P2       0.0.SET
20 50 33 20 20 20 20 20 20 20 30 2E 30 0D 53 45     P3       0.0.SE
54 20 50 34 20 20 20 20 20 20 20 30 2E 30 0D 47    T P4       0.0.G
52 4F 53 53 20 57 45 49 47 48 54 20 20 20 20 31    ROSS WEIGHT    1
31 33 38 2E 30 0D 4E 45 54 20 57 45 49 47 48 54    138.0.NET WEIGHT
20 20 20 20 20 20 20 20 32 31 2E 35 0D 54 41 52            21.5.TAR
45 20 20 20 20 20 20 31 31 31 36 2E 35 0D 44 41    E      1116.5.DA
54 45 20 26 20 54 49 4D 45 20 4A 41 4E 2E 20 31    TE & TIME JAN. 1
34 2C 32 30 32 34 20 20 30 36 3A 32 39 41 4D 0D    4,2024  06:29AM.
53 43 41 4C 45 20 4E 4F 20 31 0D 53 54 41 54 55    SCALE NO 1.STATU
53 20 83 2A 0D 0A 53 45 54 20 50 31 28 57 29 20    S .*..SET P1(W) 
20 20 20 20 20 20 30 2E 30 0D 53 45 54 20 50 32          0.0.SET P2
20 20 20 20 20 20 20 30 2E 30 0D 53 45 54 20 50           0.0.SET P
33 20 20 20 20 20 20 20 30 2E 30 0D 53 45 54 20    3       0.0.SET 
50 34 20 20 20 20 20 20 20 30 2E 30 0D 47 52 4F    P4       0.0.GRO
53 53 20 57 45 49 47 48 54 20 20 20 20 31 31 33    SS WEIGHT    113
38 2E 30 0D 4E 45 54 20 57 45 49 47 48 54 20 20    8.0.NET WEIGHT  
20 20 20 20 20 20 32 31 2E 35 0D 54 41 52 45 20          21.5.TARE 
20 20 20 20 20 31 31 31 36 2E 35 0D 44 41 54 45         1116.5.DATE
20 26 20 54 49 4D 45 20 4A 41 4E 2E 20 31 34 2C     & TIME JAN. 14,
32 30 32 34 20 20 30 36 3A 32 39 41 4D 0D 53 43    2024  06:29AM.SC
41 4C 45 20 4E 4F 20 31 0D 53 54 41 54 55 53 20    ALE NO 1.STATUS 
83 2A 0D 0A 53 45 54 20 50 31 28 57 29 20 20 20    .*..SET P1(W)   
20 20 20 20 30 2E 30 0D 53 45 54 20 50 32 20 20        0.0.SET P2  
20 20 20 20 20 30 2E 30 0D 53 45 54 20 50 33 20         0.0.SET P3 
20 20 20 20 20 20 30 2E 30 0D 53 45 54 20 50 34          0.0.SET P4
20 20 20 20 20 20 20 30 2E 30 0D 47 52 4F 53 53           0.0.GROSS
20 57 45 49 47 48 54 20 20 20 20 31 31 33 38 2E     WEIGHT    1138.
30 0D 4E 45 54 20 57 45 49 47 48 54 20 20 20 20    0.NET WEIGHT    
20 20 20 20 32 31 2E 35 0D 54 41 52 45 20 20 20        21.5.TARE   
20 20 20 31 31 31 36 2E 35 0D 44 41 54 45 20 26       1116.5.DATE &
20 54 49 4D 45 20 4A 41 4E 2E 20 31 34 2C 32 30     TIME JAN. 14,20
32 34 20 20 30 36 3A 32 39 41 4D 0D 53 43 41 4C    24  06:29AM.SCAL
45 20 4E 4F 20 31 0D 53 54 41 54 55 53 20 83 2A    E NO 1.STATUS .*
0D 0A 53 45 54 20 50 31 28 57 29 20 20 20 20 20    ..SET P1(W)     
20 20 30 2E 30 0D 53 45 54 20 50 32 20 20 20 20      0.0.SET P2    
20 20 20 30 2E 30 0D 53 45 54 20 50 33 20 20 20       0.0.SET P3   
20 20 20 20 30 2E 30 0D 53 45 54 20 50 34 20 20        0.0.SET P4  
20 20 20 20 20 30 2E 30 0D 47 52 4F 53 53 20 57         0.0.GROSS W
45 49 47 48 54 20 20 20 20 31 31 33 38 2E 30 0D    EIGHT    1138.0.
4E 45 54 20 57 45 49 47 48 54 20 20 20 20 20 20    NET WEIGHT      
20 20 32 31 2E 35 0D 54 41 52 45 20 20 20 20 20      21.5.TARE     
20 31 31 31 36 2E 35 0D 44 41 54 45 20 26 20 54     1116.5.DATE & T
49 4D 45 20 4A 41 4E 2E 20 31 34 2C 32 30 32 34    IME JAN. 14,2024
20 20 30 36 3A 32 39 41 4D 0D 53 43 41 4C 45 20      06:29AM.SCALE 
4E 4F 20 31 0D 53 54 41 54 55 53 20 81 2A 0D 0A    NO 1.STATUS .*..
53 45 54 20 50 31 28 57 29 20 20 20 20 20 20 20    SET P1(W)       
30 2E 30 0D 53 45 54 20 50 32 20 20 20 20 20 20    0.0.SET P2      
20 30 2E 30 0D 53 45 54 20 50 33 20 20 20 20 20     0.0.SET P3     
20 20 30 2E 30 0D 53 45 54 20 50 34 20 20 20 20      0.0.SET P4    
20 20 20 30 2E 30 0D 47 52 4F 53 53 20 57 45 49       0.0.GROSS WEI
47 48 54 20 20 20 20 31 31 33 38 2E 30 0D 4E 45    GHT    1138.0.NE
54 20 57 45 49 47 48 54 20 20 20 20 20 20 20 20    T WEIGHT        
32 31 2E 35 0D 54 41 52 45 20 20 20 20 20 20 31    21.5.TARE      1
31 31 36 2E 35 0D 44 41 54 45 20 26 20 54 49 4D    116.5.DATE & TIM
45 20 4A 41 4E 2E 20 31 34 2C 32 30 32 34 20 20    E JAN. 14,2024  
30 36 3A 32 39 41 4D 0D 53 43 41 4C 45 20 4E 4F    06:29AM.SCALE NO
20 31 0D 53 54 41 54 55 53 20 81 2A 0D 0A 53 45     1.STATUS .*..SE
54 20 50 31 28 57 29 20 20 20 20 20 20 20 30 2E    T P1(W)       0.
30 0D 53 45 54 20 50 32 20 20 20 20 20 20 20 30    0.SET P2       0
2E 30 0D 53 45 54 20 50 33 20 20 20 20 20 20 20    .0.SET P3       
30 2E 30 0D 53 45 54 20 50 34 20 20 20 20 20 20    0.0.SET P4      
20 30 2E 30 0D 47 52 4F 53 53 20 57 45 49 47 48     0.0.GROSS WEIGH
54 20 20 20 20 31 31 33 38 2E 30 0D 4E 45 54 20    T    1138.0.NET 
57 45 49 47 48 54 20 20 20 20 20 20 20 20 32 31    WEIGHT        21
2E 35 0D 54 41 52 45 20 20 20 20 20 20 31 31 31    .5.TARE      111
36 2E 35 0D 44 41 54 45 20 26 20 54 49 4D 45 20    6.5.DATE & TIME 
4A 41 4E 2E 20 31 34 2C 32 30 32 34 20 20 30 36    JAN. 14,2024  06
3A 32 39 41 4D 0D 53 43 41 4C 45 20 4E 4F 20 31    :29AM.SCALE NO 1
0D 53 54 41 54 55 53 20 81 2A 0D 0A 53 45 54 20    .STATUS .*..SET 
50 31 28 57 29 20 20 20 20 20 20 20 30 2E 30 0D    P1(W)       0.0.
53 45 54 20 50 32 20 20 20 20 20 20 20 30 2E 30    SET P2       0.0
0D 53 45 54 20 50 33 20 20 20 20 20 20 20 30 2E    .SET P3       0.
30 0D 53 45 54 20 50 34 20 20 20 20 20 20 20 30    0.SET P4       0
2E 30 0D 47 52 4F 53 53 20 57 45 49 47 48 54 20    .0.GROSS WEIGHT 
20 20 20 31 31 33 38 2E 30 0D 4E 45 54 20 57 45       1138.0.NET WE
49 47 48 54 20 20 20 20 20 20 20 20 32 31 2E 35    IGHT        21.5
0D 54 41 52 45 20 20 20 20 20 20 31 31 31 36 2E    .TARE      1116.
35 0D 44 41 54 45 20 26 20 54 49 4D 45 20 4A 41    5.DATE & TIME JA
4E 2E 20 31 34 2C 32 30 32 34 20 20 30 36 3A 32    N. 14,2024  06:2
39 41 4D 0D 53 43 41 4C 45 20 4E 4F 20 31 0D 53    9AM.SCALE NO 1.S
54 41 54 55 53 20 81 2A 0D 0A 53 45 54 20 50 31    TATUS .*..SET P1
28 57 29 20 20 20 20 20 20 20 30 2E 30 0D 53 45    (W)       0.0.SE
54 20 50 32 20 20 20 20 20 20 20 30 2E 30 0D 53    T P2       0.0.S
45 54 20 50 33 20 20 20 20 20 20 20 30 2E 30 0D    ET P3       0.0.
53 45 54 20 50 34 20 20 20 20 20 20 20 30 2E 30    SET P4       0.0
0D 47 52 4F 53 53 20 57 45 49 47 48 54 20 20 20    .GROSS WEIGHT   
20 31 31 33 38 2E 30 0D 4E 45 54 20 57 45 49 47     1138.0.NET WEIG
48 54 20 20 20 20 20 20 20 20 32 31 2E 35 0D 54    HT        21.5.T
41 52 45 20 20 20 20 20 20 31 31 31 36 2E 35 0D    ARE      1116.5.
44 41 54 45 20 26 20 54 49 4D 45 20 4A 41 4E 2E    DATE & TIME JAN.
20 31 34 2C 32 30 32 34 20 20 30 36 3A 32 39 41     14,2024  06:29A
4D 0D 53 43 41 4C 45 20 4E 4F 20 31 0D 53 54 41    M.SCALE NO 1.STA
54 55 53 20 81 2A 0D 0A 53 45 54 20 50 31 28 57    TUS .*..SET P1(W
29 20 20 20 20 20 20 20 30 2E 30 0D 53 45 54 20    )       0.0.SET 
50 32 20 20 20 20 20 20 20 30 2E 30 0D 53 45 54    P2       0.0.SET
20 50 33 20 20 20 20 20 20 20 30 2E 30 0D 53 45     P3       0.0.SE
54 20 50 34 20 20 20 20 20 20 20 30 2E 30 0D 47    T P4       0.0.G
52 4F 53 53 20 57 45 49 47 48 54 20 20 20 20 31    ROSS WEIGHT    1
31 33 38 2E 30 0D 4E 45 54 20 57 45 49 47 48 54    138.0.NET WEIGHT
20 20 20 20 20 20 20 20 32 31 2E 35 0D 54 41 52            21.5.TAR
45 20 20 20 20 20 20 31 31 31 36 2E 35 0D 44 41    E      1116.5.DA
54 45 20 26 20 54 49 4D 45 20 4A 41 4E 2E 20 31    TE & TIME JAN. 1
34 2C 32 30 32 34 20 20 30 36 3A 32 39 41 4D 0D    4,2024  06:29AM.
53 43 41 4C 45 20 4E 4F 20 31 0D 53 54 41 54 55    SCALE NO 1.STATU
53 20 83 2A 0D 0A 53 45 54 20 50 31 28 57 29 20    S .*..SET P1(W) 
20 20 20 20 20 20 30 2E 30 0D 53 45 54 20 50 32          0.0.SET P2
20 20 20 20 20 20 20 30 2E 30 0D 53 45 54 20 50           0.0.SET P
33 20 20 20 20 20 20 20 30 2E 30 0D 53 45 54 20    3       0.0.SET 
50 34 20 20 20 20 20 20 20 30 2E 30 0D 47 52 4F    P4       0.0.GRO
53 53 20 57 45 49 47 48 54 20 20 20 20 31 31 33    SS WEIGHT    113
38 2E 30 0D 4E 45 54 20 57 45 49 47 48 54 20 20    8.0.NET WEIGHT  
20 20 20 20 20 20 32 31 2E 35 0D 54 41 52 45 20          21.5.TARE 
20 20 20 20 20 31 31 31 36 2E 35 0D 44 41 54 45         1116.5.DATE
20 26 20 54 49 4D 45 20 4A 41 4E 2E 20 31 34 2C     & TIME JAN. 14,
32 30 32 34 20 20 30 36 3A 32 39 41 4D 0D 53 43    2024  06:29AM.SC
41 4C 45 20 4E 4F 20 31 0D 53 54 41 54 55 53 20    ALE NO 1.STATUS 
83 2A 0D 0A 53 45 54 20 50 31 28 57 29 20 20 20    .*..SET P1(W)   
20 20 20 20 30 2E 30 0D 53 45 54 20 50 32 20 20        0.0.SET P2  
20 20 20 20 20 30 2E 30 0D 53 45 54 20 50 33 20         0.0.SET P3 
20 20 20 20 20 20 30 2E 30 0D 53 45 54 20 50 34          0.0.SET P4
20 20 20 20 20 20 20 30 2E 30 0D 47 52 4F 53 53           0.0.GROSS
20 57 45 49 47 48 54 20 20 20 20 31 31 33 38 2E     WEIGHT    1138.
30 0D 4E 45 54 20 57 45 49 47 48 54 20 20 20 20    0.NET WEIGHT    
20 20 20 20 32 31 2E 35 0D 54 41 52 45 20 20 20        21.5.TARE   
20 20 20 31 31 31 36 2E 35 0D 44 41 54 45 20 26       1116.5.DATE &
20 54 49 4D 45 20 4A 41 4E 2E 20 31 34 2C 32 30     TIME JAN. 14,20
32 34 20 20 30 36 3A 32 39 41 4D 0D 53 43 41 4C    24  06:29AM.SCAL
45 20 4E 4F 20 31 0D 53 54 41 54 55 53 20 83 2A    E NO 1.STATUS .*
0D 0A 53 45 54 20 50 31 28 57 29 20 20 20 20 20    ..SET P1(W)     
20 20 30 2E 30 0D 53 45 54 20 50 32 20 20 20 20      0.0.SET P2    
20 20 20 30 2E 30 0D 53 45 54 20 50 33 20 20 20       0.0.SET P3   
20 20 20 20 30 2E 30 0D 53 45 54 20 50 34 20 20        0.0.SET P4  
20 20 20 20 20 30 2E 30 0D 47 52 4F 53 53 20 57         0.0.GROSS W
45 49 47 48 54 20 20 20 20 31 31 33 38 2E 30 0D    EIGHT    1138.0.
4E 45 54 20 57 45 49 47 48 54 20 20 20 20 20 20    NET WEIGHT      
20 20 32 31 2E 35 0D 54 41 52 45 20 20 20 20 20      21.5.TARE     
20 31 31 31 36 2E 35 0D 44 41 54 45 20 26 20 54     1116.5.DATE & T
49 4D 45 20 4A 41 4E 2E 20 31 34 2C 32 30 32 34    IME JAN. 14,2024
20 20 30 36 3A 32 39 41 4D 0D 53 43 41 4C 45 20      06:29AM.SCALE 
4E 4F 20 31 0D 53 54 41 54 55 53 20 83 2A 0D 0A    NO 1.STATUS .*..
53 45 54 20 50 31 28 57 29 20 20 20 20 20 20 20    SET P1(W)       
30 2E 30 0D 53 45 54 20 50 32 20 20 20 20 20 20    0.0.SET P2      
20 30 2E 30 0D 53 45 54 20 50 33 20 20 20 20 20     0.0.SET P3     
20 20 30 2E 30 0D 53 45 54 20 50 34 20 20 20 20      0.0.SET P4    
20 20 20 30 2E 30 0D 47 52 4F 53 53 20 57 45 49       0.0.GROSS WEI
47 48 54 20 20 20 20 31 31 33 38 2E 30 0D 4E 45    GHT    1138.0.NE
54 20 57 45 49 47 48 54 20 20 20 20 20 20 20 20    T WEIGHT        
32 31 2E 35 0D 54 41 52 45 20 20 20 20 20 20 31    21.5.TARE      1
31 31 36 2E 35 0D 44 41 54 45 20 26 20 54 49 4D    116.5.DATE & TIM
45 20 4A 41 4E 2E 20 31 34 2C 32 30 32 34 20 20    E JAN. 14,2024  
30 36 3A 32 39 41 4D 0D 53 43 41 4C 45 20 4E 4F    06:29AM.SCALE NO
20 31 0D 53 54 41 54 55 53 20 83 2A 0D 0A 53 45     1.STATUS .*..SE
54 20 50 31 28 57 29 20 20 20 20 20 20 20 30 2E    T P1(W)       0.
30 0D 53 45 54 20 50 32 20 20 20 20 20 20 20 30    0.SET P2       0
2E 30 0D 53 45 54 20 50 33 20 20 20 20 20 20 20    .0.SET P3       
30 2E 30 0D 53 45 54 20 50 34 20 20 20 20 20 20    0.0.SET P4      
20 30 2E 30 0D 47 52 4F 53 53 20 57 45 49 47 48     0.0.GROSS WEIGH
54 20 20 20 20 31 31 33 38 2E 30 0D 4E 45 54 20    T    1138.0.NET 
57 45 49 47 48 54 20 20 20 20 20 20 20 20 32 31    WEIGHT        21
2E 35 0D 54 41 52 45 20 20 20 20 20 20 31 31 31    .5.TARE      111
36 2E 35 0D 44 41 54 45 20 26 20 54 49 4D 45 20    6.5.DATE & TIME 
4A 41 4E 2E 20 31 34 2C 32 30 32 34 20 20 30 36    JAN. 14,2024  06
3A 32 39 41 4D 0D 53 43 41 4C 45 20 4E 4F 20 31    :29AM.SCALE NO 1
0D 53 54 41 54 55 53 20 83 2A 0D 0A 53 45 54 20    .STATUS .*..SET 
50 31 28 57 29 20 20 20 20 20 20 20 30 2E 30 0D    P1(W)       0.0.
53 45 54 20 50 32 20 20 20 20 20 20 20 30 2E 30    SET P2       0.0
0D 53 45 54 20 50 33 20 20 20 20 20 20 20 30 2E    .SET P3       0.
30 0D 53 45 54 20 50 34 20 20 20 20 20 20 20 30    0.SET P4       0
2E 30 0D 47 52 4F 53 53 20 57 45 49 47 48 54 20    .0.GROSS WEIGHT 
20 20 20 31 31 33 38 2E 30 0D 4E 45 54 20 57 45       1138.0.NET WE
49 47 48 54 20 20 20 20 20 20 20 20 32 31 2E 35    IGHT        21.5
0D 54 41 52 45 20 20 20 20 20 20 31 31 31 36 2E    .TARE      1116.
35 0D 44 41 54 45 20 26 20 54 49 4D 45 20 4A 41    5.DATE & TIME JA
4E 2E 20 31 34 2C 32 30 32 34 20 20 30 36 3A 32    N. 14,2024  06:2
39 41 4D 0D 53 43 41 4C 45 20 4E 4F 20 31 0D 53    9AM.SCALE NO 1.S
54 41 54 55 53 20 83 2A 0D 0A 53 45 54 20 50 31    TATUS .*..SET P1
28 57 29 20 20 20 20 20 20 20 30 2E 30 0D 53 45    (W)       0.0.SE
54 20 50 32 20 20 20 20 20 20 20 30 2E 30 0D 53    T P2       0.0.S
45 54 20 50 33 20 20 20 20 20 20 20 30 2E 30 0D    ET P3       0.0.
53 45 54 20 50 34 20 20 20 20 20 20 20 30 2E 30    SET P4       0.0
0D 47 52 4F 53 53 20 57 45 49 47 48 54 20 20 20    .GROSS WEIGHT   
20 31 31 33 38 2E 30 0D 4E 45 54 20 57 45 49 47     1138.0.NET WEIG
48 54 20 20 20 20 20 20 20 20 32 31 2E 35 0D 54    HT        21.5.T
41 52 45 20 20 20 20 20 20 31 31 31 36 2E 35 0D    ARE      1116.5.
44 41 54 45 20 26 20 54 49 4D 45 20 4A 41 4E 2E    DATE & TIME JAN.
20 31 34 2C 32 30 32 34 20 20 30 36 3A 32 39 41     14,2024  06:29A
4D 0D 53 43 41 4C 45 20 4E 4F 20 31 0D 53 54 41    M.SCALE NO 1.STA
54 55 53 20 83 2A 0D 0A 53 45 54 20 50 31 28 57    TUS .*..SET P1(W
29 20 20 20 20 20 20 20 30 2E 30 0D 53 45 54 20    )       0.0.SET 
50 32 20 20 20 20 20 20 20 30 2E 30 0D 53 45 54    P2       0.0.SET
20 50 33 20 20 20 20 20 20 20 30 2E 30 0D 53 45     P3       0.0.SE
54 20 50 34 20 20 20 20 20 20 20 30 2E 30 0D 47    T P4       0.0.G
52 4F 53 53 20 57 45 49 47 48 54 20 20 20 20 31    ROSS WEIGHT    1
31 33 38 2E 30 0D 4E 45 54 20 57 45 49 47 48 54    138.0.NET WEIGHT
20 20 20 20 20 20 20 20 32 31 2E 35 0D 54 41 52            21.5.TAR
45 20 20 20 20 20 20 31 31 31 36 2E 35 0D 44 41    E      1116.5.DA
54 45 20 26 20 54 49 4D 45 20 4A 41 4E 2E 20 31    TE & TIME JAN. 1
34 2C 32 30 32 34 20 20 30 36 3A 32 39 41 4D 0D    4,2024  06:29AM.
53 43 41 4C 45 20 4E 4F 20 31 0D 53 54 41 54 55    SCALE NO 1.STATU
53 20 83 2A 0D 0A 53 45 54 20 50 31 28 57 29 20    S .*..SET P1(W) 
20 20 20 20 20 20 30 2E 30 0D 53 45 54 20 50 32          0.0.SET P2
20 20 20 20 20 20 20 30 2E 30 0D 53 45 54 20 50           0.0.SET P
33 20 20 20 20 20 20 20 30 2E 30 0D 53 45 54 20    3       0.0.SET 
50 34 20 20 20 20 20 20 20 30 2E 30 0D 47 52 4F    P4       0.0.GRO
53 53 20 57 45 49 47 48 54 20 20 20 20 31 31 33    SS WEIGHT    113
38 2E 30 0D 4E 45 54 20 57 45 49 47 48 54 20 20    8.0.NET WEIGHT  
20 20 20 20 20 20 32 31 2E 35 0D 54 41 52 45 20          21.5.TARE 
20 20 20 20 20 31 31 31 36 2E 35 0D 44 41 54 45         1116.5.DATE
20 26 20 54 49 4D 45 20 4A 41 4E 2E 20 31 34 2C     & TIME JAN. 14,
32 30 32 34 20 20 30 36 3A 32 39 41 4D 0D 53 43    2024  06:29AM.SC
41 4C 45 20 4E 4F 20 31 0D 53 54 41 54 55 53 20    ALE NO 1.STATUS 
83 2A 0D 0A 53 45 54 20 50 31 28 57 29 20 20 20    .*..SET P1(W)   
20 20 20 20 30 2E 30 0D 53 45 54 20 50 32 20 20        0.0.SET P2  
20 20 20 20 20 30 2E 30 0D 53 45 54 20 50 33 20         0.0.SET P3 
20 20 20 20 20 20 30 2E 30 0D 53 45 54 20 50 34          0.0.SET P4
20 20 20 20 20 20 20 30 2E 30 0D 47 52 4F 53 53           0.0.GROSS
20 57 45 49 47 48 54 20 20 20 20 31 31 33 38 2E     WEIGHT    1138.
30 0D 4E 45 54 20 57 45 49 47 48 54 20 20 20 20    0.NET WEIGHT    
20 20 20 20 32 31 2E 35 0D 54 41 52 45 20 20 20        21.5.TARE   
20 20 20 31 31 31 36 2E 35 0D 44 41 54 45 20 26       1116.5.DATE &
20 54 49 4D 45 20 4A 41 4E 2E 20 31 34 2C 32 30     TIME JAN. 14,20
32 34 20 20 30 36 3A 32 39 41 4D 0D 53 43 41 4C    24  06:29AM.SCAL
45 20 4E 4F 20 31 0D 53 54 41 54 55 53 20 83 2A    E NO 1.STATUS .*
0D 0A 53 45 54 20 50 31 28 57 29 20 20 20 20 20    ..SET P1(W)     
20 20 30 2E 30 0D 53 45 54 20 50 32 20 20 20 20      0.0.SET P2    
20 20 20 30 2E 30 0D 53 45 54 20 50 33 20 20 20       0.0.SET P3   
20 20 20 20 30 2E 30 0D 53 45 54 20 50 34 20 20        0.0.SET P4  
20 20 20 20 20 30 2E 30 0D 47 52 4F 53 53 20 57         0.0.GROSS W
45 49 47 48 54 20 20 20 20 31 31 33 38 2E 30 0D    EIGHT    1138.0.
4E 45 54 20 57 45 49 47 48 54 20 20 20 20 20 20    NET WEIGHT      
20 20 32 31 2E 35 0D 54 41 52 45 20 20 20 20 20      21.5.TARE     
20 31 31 31 36 2E 35 0D 44 41 54 45 20 26 20 54     1116.5.DATE & T
49 4D 45 20 4A 41 4E 2E 20 31 34 2C 32 30 32 34    IME JAN. 14,2024
20 20 30 36 3A 32 39 41 4D 0D 53 43 41 4C 45 20      06:29AM.SCALE 
4E 4F 20 31 0D 53 54 41 54 55 53 20 83 2A 0D 0A    NO 1.STATUS .*..
53 45 54 20 50 31 28 57 29 20 20 20 20 20 20 20    SET P1(W)       
30 2E 30 0D 53 45 54 20 50 32 20 20 20 20 20 20    0.0.SET P2      
20 30 2E 30 0D 53 45 54 20 50 33 20 20 20 20 20     0.0.SET P3     
20 20 30 2E 30 0D 53 45 54 20 50 34 20 20 20 20      0.0.SET P4    
20 20 20 30 2E 30 0D 47 52 4F 53 53 20 57 45 49       0.0.GROSS WEI
47 48 54 20 20 20 20 31 31 33 38 2E 30 0D 4E 45    GHT    1138.0.NE
54 20 57 45 49 47 48 54 20 20 20 20 20 20 20 20    T WEIGHT        
32 31 2E 35 0D 54 41 52 45 20 20 20 20 20 20 31    21.5.TARE      1
31 31 36 2E 35 0D 44 41 54 45 20 26 20 54 49 4D    116.5.DATE & TIM
45 20 4A 41 4E 2E 20 31 34 2C 32 30 32 34 20 20    E JAN. 14,2024  
30 36 3A 32 39 41 4D 0D 53 43 41 4C 45 20 4E 4F    06:29AM.SCALE NO
20 31 0D 53 54 41 54 55 53 20 83 2A 0D 0A 53 45     1.STATUS .*..SE
54 20 50 31 28 57 29 20 20 20 20 20 20 20 30 2E    T P1(W)       0.
30 0D 53 45 54 20 50 32 20 20 20 20 20 20 20 30    0.SET P2       0
2E 30 0D 53 45 54 20 50 33 20 20 20 20 20 20 20    .0.SET P3       
30 2E 30 0D 53 45 54 20 50 34 20 20 20 20 20 20    0.0.SET P4      
20 30 2E 30 0D 47 52 4F 53 53 20 57 45 49 47 48     0.0.GROSS WEIGH
54 20 20 20 20 31 31 33 38 2E 30 0D 4E 45 54 20    T    1138.0.NET 
57 45 49 47 48 54 20 20 20 20 20 20 20 20 32 31    WEIGHT        21
2E 35 0D 54 41 52 45 20 20 20 20 20 20 31 31 31    .5.TARE      111
36 2E 35 0D 44 41 54 45 20 26 20 54 49 4D 45 20    6.5.DATE & TIME 
4A 41 4E 2E 20 31 34 2C 32 30 32 34 20 20 30 36    JAN. 14,2024  06
3A 32 39 41 4D 0D 53 43 41 4C 45 20 4E 4F 20 31    :29AM.SCALE NO 1
0D 53 54 41 54 55 53 20 83 2A 0D 0A 53 45 54 20    .STATUS .*..SET 
50 31 28 57 29 20 20 20 20 20 20 20 30 2E 30 0D    P1(W)       0.0.
53 45 54 20 50 32 20 20 20 20 20 20 20 30 2E 30    SET P2       0.0
0D 53 45 54 20 50 33 20 20 20 20 20 20 20 30 2E    .SET P3       0.
30 0D 53 45 54 20 50 34 20 20 20 20 20 20 20 30    0.SET P4       0
2E 30 0D 47 52 4F 53 53 20 57 45 49 47 48 54 20    .0.GROSS WEIGHT 
20 20 20 31 31 33 38 2E 30 0D 4E 45 54 20 57 45       1138.0.NET WE
49 47 48 54 20 20 20 20 20 20 20 20 32 31 2E 35    IGHT        21.5
0D 54 41 52 45 20 20 20 20 20 20 31 31 31 36 2E    .TARE      1116.
35 0D 44 41 54 45 20 26 20 54 49 4D 45 20 4A 41    5.DATE & TIME JA
4E 2E 20 31 34 2C 32 30 32 34 20 20 30 36 3A 32    N. 14,2024  06:2
39 41 4D 0D 53 43 41 4C 45 20 4E 4F 20 31 0D 53    9AM.SCALE NO 1.S
54 41 54 55 53 20 83 2A 0D 0A 53 45 54 20 50 31    TATUS .*..SET P1
28 57 29 20 20 20 20 20 20 20 30 2E 30 0D 53 45    (W)       0.0.SE
54 20 50 32 20 20 20 20 20 20 20 30 2E 30 0D 53    T P2       0.0.S
45 54 20 50 33 20 20 20 20 20 20 20 30 2E 30 0D    ET P3       0.0.
53 45 54 20 50 34 20 20 20 20 20 20 20 30 2E 30    SET P4       0.0
0D 47 52 4F 53 53 20 57 45 49 47 48 54 20 20 20    .GROSS WEIGHT   
20 31 31 33 38 2E 30 0D 4E 45 54 20 57 45 49 47     1138.0.NET WEIG
48 54 20 20 20 20 20 20 20 20 32 31 2E 35 0D 54    HT        21.5.T
41 52 45 20 20 20 20 20 20 31 31 31 36 2E 35 0D    ARE      1116.5.
44 41 54 45 20 26 20 54 49 4D 45 20 4A 41 4E 2E    DATE & TIME JAN.
20 31 34 2C 32 30 32 34 20 20 30 36 3A 32 39 41     14,2024  06:29A
4D 0D 53 43 41 4C 45 20 4E 4F 20 31 0D 53 54 41    M.SCALE NO 1.STA
54 55 53 20 83 2A 0D 0A 53 45 54 20 50 31 28 57    TUS .*..SET P1(W
29 20 20 20 20 20 20 20 30 2E 30 0D 53 45 54 20    )       0.0.SET 
50 32 20 20 20 20 20 20 20 30 2E 30 0D 53 45 54    P2       0.0.SET
20 50 33 20 20 20 20 20 20 20 30 2E 30 0D 53 45     P3       0.0.SE
54 20 50 34 20 20 20 20 20 20 20 30 2E 30 0D 47    T P4       0.0.G
52 4F 53 53 20 57 45 49 47 48 54 20 20 20 20 31    ROSS WEIGHT    1
31 33 38 2E 30 0D 4E 45 54 20 57 45 49 47 48 54    138.0.NET WEIGHT
20 20 20 20 20 20 20 20 32 31 2E 35 0D 54 41 52            21.5.TAR
45 20 20 20 20 20 20 31 31 31 36 2E 35 0D 44 41    E      1116.5.DA
54 45 20 26 20 54 49 4D 45 20 4A 41 4E 2E 20 31    TE & TIME JAN. 1
34 2C 32 30 32 34 20 20 30 36 3A 32 39 41 4D 0D    4,2024  06:29AM.
53 43 41 4C 45 20 4E 4F 20 31 0D 53 54 41 54 55    SCALE NO 1.STATU
53 20 83 2A 0D 0A 53 45 54 20 50 31 28 57 29 20    S .*..SET P1(W) 
20 20 20 20 20 20 30 2E 30 0D 53 45 54 20 50 32          0.0.SET P2
20 20 20 20 20 20 20 30 2E 30 0D 53 45 54 20 50           0.0.SET P
33 20 20 20 20 20 20 20 30 2E 30 0D 53 45 54 20    3       0.0.SET 
50 34 20 20 20 20 20 20 20 30 2E 30 0D 47 52 4F    P4       0.0.GRO
53 53 20 57 45 49 47 48 54 20 20 20 20 31 31 33    SS WEIGHT    113
38 2E 30 0D 4E 45 54 20 57 45 49 47 48 54 20 20    8.0.NET WEIGHT  
20 20 20 20 20 20 32 31 2E 35 0D 54 41 52 45 20          21.5.TARE 
20 20 20 20 20 31 31 31 36 2E 35 0D 44 41 54 45         1116.5.DATE
20 26 20 54 49 4D 45 20 4A 41 4E 2E 20 31 34 2C     & TIME JAN. 14,
32 30 32 34 20 20 30 36 3A 32 39 41 4D 0D 53 43    2024  06:29AM.SC
41 4C 45 20 4E 4F 20 31 0D 53 54 41 54 55 53 20    ALE NO 1.STATUS 
83 2A 0D 0A 53 45 54 20 50 31 28 57 29 20 20 20    .*..SET P1(W)   
20 20 20 20 30 2E 30 0D 53 45 54 20 50 32 20 20        0.0.SET P2  
20 20 20 20 20 30 2E 30 0D 53 45 54 20 50 33 20         0.0.SET P3 
20 20 20 20 20 20 30 2E 30 0D 53 45 54 20 50 34          0.0.SET P4
20 20 20 20 20 20 20 30 2E 30 0D 47 52 4F 53 53           0.0.GROSS
20 57 45 49 47 48 54 20 20 20 20 31 31 33 38 2E     WEIGHT    1138.
30 0D 4E 45 54 20 57 45 49 47 48 54 20 20 20 20    0.NET WEIGHT    
20 20 20 20 32 31 2E 35 0D 54 41 52 45 20 20 20        21.5.TARE   
20 20 20 31 31 31 36 2E 35 0D 44 41 54 45 20 26       1116.5.DATE &
20 54 49 4D 45 20 4A 41 4E 2E 20 31 34 2C 32 30     TIME JAN. 14,20
32 34 20 20 30 36 3A 32 39 41 4D 0D 53 43 41 4C    24  06:29AM.SCAL
45 20 4E 4F 20 31 0D 53 54 41 54 55 53 20 83 2A    E NO 1.STATUS .*
0D 0A 53 45 54 20 50 31 28 57 29 20 20 20 20 20    ..SET P1(W)     
20 20 30 2E 30 0D 53 45 54 20 50 32 20 20 20 20      0.0.SET P2    
20 20 20 30 2E 30 0D 53 45 54 20 50 33 20 20 20       0.0.SET P3   
20 20 20 20 30 2E 30 0D 53 45 54 20 50 34 20 20        0.0.SET P4  
20 20 20 20 20 30 2E 30 0D 47 52 4F 53 53 20 57         0.0.GROSS W
45 49 47 48 54 20 20 20 20 31 31 33 38 2E 30 0D    EIGHT    1138.0.
4E 45 54 20 57 45 49 47 48 54 20 20 20 20 20 20    NET WEIGHT      
20 20 32 31 2E 35 0D 54 41 52 45 20 20 20 20 20      21.5.TARE     
20 31 31 31 36 2E 35 0D 44 41 54 45 20 26 20 54     1116.5.DATE & T
49 4D 45 20 4A 41 4E 2E 20 31 34 2C 32 30 32 34    IME JAN. 14,2024
20 20 30 36 3A 32 39 41 4D 0D 53 43 41 4C 45 20      06:29AM.SCALE 
4E 4F 20 31 0D 53 54 41 54 55 53 20 83 2A 0D 0A    NO 1.STATUS .*..
53 45 54 20 50 31 28 57 29 20 20 20 20 20 20 20    SET P1(W)       
30 2E 30 0D 53 45 54 20 50 32 20 20 20 20 20 20    0.0.SET P2      
20 30 2E 30 0D 53 45 54 20 50 33 20 20 20 20 20     0.0.SET P3     
20 20 30 2E 30 0D 53 45 54 20 50 34 20 20 20 20      0.0.SET P4    
20 20 20 30 2E 30 0D 47 52 4F 53 53 20 57 45 49       0.0.GROSS WEI
47 48 54 20 20 20 20 31 31 33 38 2E 30 0D 4E 45    GHT    1138.0.NE
54 20 57 45 49 47 48 54 20 20 20 20 20 20 20 20    T WEIGHT        
32 31 2E 35 0D 54 41 52 45 20 20 20 20 20 20 31    21.5.TARE      1
31 31 36 2E 35 0D 44 41 54 45 20 26 20 54 49 4D    116.5.DATE & TIM
45 20 4A 41 4E 2E 20 31 34 2C 32 30 32 34 20 20    E JAN. 14,2024  
30 36 3A 32 39 41 4D 0D 53 43 41 4C 45 20 4E 4F    06:29AM.SCALE NO
20 31 0D 53 54 41 54 55 53 20 83 2A 0D 0A 53 45     1.STATUS .*..SE
54 20 50 31 28 57 29 20 20 20 20 20 20 20 30 2E    T P1(W)       0.
30 0D 53 45 54 20 50 32 20 20 20 20 20 20 20 30    0.SET P2       0
2E 30 0D 53 45 54 20 50 33 20 20 20 20 20 20 20    .0.SET P3       
30 2E 30 0D 53 45 54 20 50 34 20 20 20 20 20 20    0.0.SET P4      
20 30 2E 30 0D 47 52 4F 53 53 20 57 45 49 47 48     0.0.GROSS WEIGH
54 20 20 20 20 31 31 33 38 2E 30 0D 4E 45 54 20    T    1138.0.NET 
57 45 49 47 48 54 20 20 20 20 20 20 20 20 32 31    WEIGHT        21
2E 35 0D 54 41 52 45 20 20 20 20 20 20 31 31 31    .5.TARE      111
36 2E 35 0D 44 41 54 45 20 26 20 54 49 4D 45 20    6.5.DATE & TIME 
4A 41 4E 2E 20 31 34 2C 32 30 32 34 20 20 30 36    JAN. 14,2024  06
3A 32 39 41 4D 0D 53 43 41 4C 45 20 4E 4F 20 31    :29AM.SCALE NO 1
0D 53 54 41 54 55 53 20 83 2A 0D 0A 53 45 54 20    .STATUS .*..SET 
50 31 28 57 29 20 20 20 20 20 20 20 30 2E 30 0D    P1(W)       0.0.
53 45 54 20 50 32 20 20 20 20 20 20 20 30 2E 30    SET P2       0.0
0D 53 45 54 20 50 33 20 20 20 20 20 20 20 30 2E    .SET P3       0.
30 0D 53 45 54 20 50 34 20 20 20 20 20 20 20 30    0.SET P4       0
2E 30 0D 47 52 4F 53 53 20 57 45 49 47 48 54 20    .0.GROSS WEIGHT 
20 20 20 31 31 33 38 2E 30 0D 4E 45 54 20 57 45       1138.0.NET WE
49 47 48 54 20 20 20 20 20 20 20 20 32 31 2E 35    IGHT        21.5
0D 54 41 52 45 20 20 20 20 20 20 31 31 31 36 2E    .TARE      1116.
35 0D 44 41 54 45 20 26 20 54 49 4D 45 20 4A 41    5.DATE & TIME JA
4E 2E 20 31 34 2C 32 30 32 34 20 20 30 36 3A 32    N. 14,2024  06:2
39 41 4D 0D 53 43 41 4C 45 20 4E 4F 20 31 0D 53    9AM.SCALE NO 1.S
54 41 54 55 53 20 83 2A 0D 0A 53 45 54 20 50 31    TATUS .*..SET P1
28 57 29 20 20 20 20 20 20 20 30 2E 30 0D 53 45    (W)       0.0.SE
54 20 50 32 20 20 20 20 20 20 20 30 2E 30 0D 53    T P2       0.0.S
45 54 20 50 33 20 20 20 20 20 20 20 30 2E 30 0D    ET P3       0.0.
53 45 54 20 50 34 20 20 20 20 20 20 20 30 2E 30    SET P4       0.0
0D 47 52 4F 53 53 20 57 45 49 47 48 54 20 20 20    .GROSS WEIGHT   
20 31 31 33 38 2E 30 0D 4E 45 54 20 57 45 49 47     1138.0.NET WEIG
48 54 20 20 20 20 20 20 20 20 32 31 2E 35 0D 54    HT        21.5.T
41 52 45 20 20 20 20 20 20 31 31 31 36 2E 35 0D    ARE      1116.5.
44 41 54 45 20 26 20 54 49 4D 45 20 4A 41 4E 2E    DATE & TIME JAN.
20 31 34 2C 32 30 32 34 20 20 30 36 3A 32 39 41     14,2024  06:29A
4D 0D 53 43 41 4C 45 20 4E 4F 20 31 0D 53 54 41    M.SCALE NO 1.STA
54 55 53 20 83 2A 0D 0A 53 45 54 20 50 31 28 57    TUS .*..SET P1(W
29 20 20 20 20 20 20 20 30 2E 30 0D 53 45 54 20    )       0.0.SET 
50 32 20 20 20 20 20 20 20 30 2E 30 0D 53 45 54    P2       0.0.SET
20 50 33 20 20 20 20 20 20 20 30 2E 30 0D 53 45     P3       0.0.SE
54 20 50 34 20 20 20 20 20 20 20 30 2E 30 0D 47    T P4       0.0.G
52 4F 53 53 20 57 45 49 47 48 54 20 20 20 20 31    ROSS WEIGHT    1
31 33 38 2E 30 0D 4E 45 54 20 57 45 49 47 48 54    138.0.NET WEIGHT
20 20 20 20 20 20 20 20 32 31 2E 35 0D 54 41 52            21.5.TAR
45 20 20 20 20 20 20 31 31 31 36 2E 35 0D 44 41    E      1116.5.DA
54 45 20 26 20 54 49 4D 45 20 4A 41 4E 2E 20 31    TE & TIME JAN. 1
34 2C 32 30 32 34 20 20 30 36 3A 32 39 41 4D 0D    4,2024  06:29AM.
53 43 41 4C 45 20 4E 4F 20 31 0D 53 54 41 54 55    SCALE NO 1.STATU
53 20 83 2A 0D 0A 53 45 54 20 50 31 28 57 29 20    S .*..SET P1(W) 
20 20 20 20 20 20 30 2E 30 0D 53 45 54 20 50 32          0.0.SET P2
20 20 20 20 20 20 20 30 2E 30 0D 53 45 54 20 50           0.0.SET P
33 20 20 20 20 20 20 20 30 2E 30 0D 53 45 54 20    3       0.0.SET 
50 34 20 20 20 20 20 20 20 30 2E 30 0D 47 52 4F    P4       0.0.GRO
53 53 20 57 45 49 47 48 54 20 20 20 20 31 31 33    SS WEIGHT    113
38 2E 30 0D 4E 45 54 20 57 45 49 47 48 54 20 20    8.0.NET WEIGHT  
20 20 20 20 20 20 32 31 2E 35 0D 54 41 52 45 20          21.5.TARE 
20 20 20 20 20 31 31 31 36 2E 35 0D 44 41 54 45         1116.5.DATE
20 26 20 54 49 4D 45 20 4A 41 4E 2E 20 31 34 2C     & TIME JAN. 14,
32 30 32 34 20 20 30 36 3A 32 39 41 4D 0D 53 43    2024  06:29AM.SC
41 4C 45 20 4E 4F 20 31 0D 53 54 41 54 55 53 20    ALE NO 1.STATUS 
83 2A 0D 0A 53 45 54 20 50 31 28 57 29 20 20 20    .*..SET P1(W)   
20 20 20 20 30 2E 30 0D 53 45 54 20 50 32 20 20        0.0.SET P2  
20 20 20 20 20 30 2E 30 0D 53 45 54 20 50 33 20         0.0.SET P3 
20 20 20 20 20 20 30 2E 30 0D 53 45 54 20 50 34          0.0.SET P4
20 20 20 20 20 20 20 30 2E 30 0D 47 52 4F 53 53           0.0.GROSS
20 57 45 49 47 48 54 20 20 20 20 31 31 33 38 2E     WEIGHT    1138.
30 0D 4E 45 54 20 57 45 49 47 48 54 20 20 20 20    0.NET WEIGHT    
20 20 20 20 32 31 2E 35 0D 54 41 52 45 20 20 20        21.5.TARE   
20 20 20 31 31 31 36 2E 35 0D 44 41 54 45 20 26       1116.5.DATE &
20 54 49 4D 45 20 4A 41 4E 2E 20 31 34 2C 32 30     TIME JAN. 14,20
32 34 20 20 30 36 3A 32 39 41 4D 0D 53 43 41 4C    24  06:29AM.SCAL
45 20 4E 4F 20 31 0D 53 54 41 54 55 53 20 83 2A    E NO 1.STATUS .*
0D 0A 53 45 54 20 50 31 28 57 29 20 20 20 20 20    ..SET P1(W)     
20 20 30 2E 30 0D 53 45 54 20 50 32 20 20 20 20      0.0.SET P2    
20 20 20 30 2E 30 0D 53 45 54 20 50 33 20 20 20       0.0.SET P3   
20 20 20 20 30 2E 30 0D 53 45 54 20 50 34 20 20        0.0.SET P4  
20 20 20 20 20 30 2E 30 0D 47 52 4F 53 53 20 57         0.0.GROSS W
45 49 47 48 54 20 20 20 20 31 31 33 38 2E 30 0D    EIGHT    1138.0.
4E 45 54 20 57 45 49 47 48 54 20 20 20 20 20 20    NET WEIGHT      
20 20 32 31 2E 35 0D 54 41 52 45 20 20 20 20 20      21.5.TARE     
20 31 31 31 36 2E 35 0D 44 41 54 45 20 26 20 54     1116.5.DATE & T
49 4D 45 20 4A 41 4E 2E 20 31 34 2C 32 30 32 34    IME JAN. 14,2024
20 20 30 36 3A 32 39 41 4D 0D 53 43 41 4C 45 20      06:29AM.SCALE 
4E 4F 20 31 0D 53 54 41 54 55 53 20 83 2A 0D 0A    NO 1.STATUS .*..
53 45 54 20 50 31 28 57 29 20 20 20 20 20 20 20    SET P1(W)       
30 2E 30 0D 53 45 54 20 50 32 20 20 20 20 20 20    0.0.SET P2      
20 30 2E 30 0D 53 45 54 20 50 33 20 20 20 20 20     0.0.SET P3     
20 20 30 2E 30 0D 53 45 54 20 50 34 20 20 20 20      0.0.SET P4    
20 20 20 30 2E 30 0D 47 52 4F 53 53 20 57 45 49       0.0.GROSS WEI
47 48 54 20 20 20 20 31 31 33 38 2E 30 0D 4E 45    GHT    1138.0.NE
54 20 57 45 49 47 48 54 20 20 20 20 20 20 20 20    T WEIGHT        
32 31 2E 35 0D 54 41 52 45 20 20 20 20 20 20 31    21.5.TARE      1
31 31 36 2E 35 0D 44 41 54 45 20 26 20 54 49 4D    116.5.DATE & TIM
45 20 4A 41 4E 2E 20 31 34 2C 32 30 32 34 20 20    E JAN. 14,2024  
30 36 3A 32 39 41 4D 0D 53 43 41 4C 45 20 4E 4F    06:29AM.SCALE NO
20 31 0D 53 54 41 54 55 53 20 83 2A 0D 0A 53 45     1.STATUS .*..SE
54 20 50 31 28 57 29 20 20 20 20 20 20 20 30 2E    T P1(W)       0.
30 0D 53 45 54 20 50 32 20 20 20 20 20 20 20 30    0.SET P2       0
2E 30 0D 53 45 54 20 50 33 20 20 20 20 20 20 20    .0.SET P3       
30 2E 30 0D 53 45 54 20 50 34 20 20 20 20 20 20    0.0.SET P4      
20 30 2E 30 0D 47 52 4F 53 53 20 57 45 49 47 48     0.0.GROSS WEIGH
54 20 20 20 20 31 31 33 38 2E 30 0D 4E 45 54 20    T    1138.0.NET 
57 45 49 47 48 54 20 20 20 20 20 20 20 20 32 31    WEIGHT        21
2E 35 0D 54 41 52 45 20 20 20 20 20 20 31 31 31    .5.TARE      111
36 2E 35 0D 44 41 54 45 20 26 20 54 49 4D 45 20    6.5.DATE & TIME 
4A 41 4E 2E 20 31 34 2C 32 30 32 34 20 20 30 36    JAN. 14,2024  06
3A 32 39 41 4D 0D 53 43 41 4C 45 20 4E 4F 20 31    :29AM.SCALE NO 1
0D 53 54 41 54 55 53 20 83 2A 0D 0A 53 45 54 20    .STATUS .*..SET 
50 31 28 57 29 20 20 20 20 20 20 20 30 2E 30 0D    P1(W)       0.0.
53 45 54 20 50 32 20 20 20 20 20 20 20 30 2E 30    SET P2       0.0
0D 53 45 54 20 50 33 20 20 20 20 20 20 20 30 2E    .SET P3       0.
30 0D 53 45 54 20 50 34 20 20 20 20 20 20 20 30    0.SET P4       0
2E 30 0D 47 52 4F 53 53 20 57 45 49 47 48 54 20    .0.GROSS WEIGHT 
20 20 20 31 31 33 38 2E 30 0D 4E 45 54 20 57 45       1138.0.NET WE
49 47 48 54 20 20 20 20 20 20 20 20 32 31 2E 35    IGHT        21.5
0D 54 41 52 45 20 20 20 20 20 20 31 31 31 36 2E    .TARE      1116.
35 0D 44 41 54 45 20 26 20 54 49 4D 45 20 4A 41    5.DATE & TIME JA
4E 2E 20 31 34 2C 32 30 32 34 20 20 30 36 3A 32    N. 14,2024  06:2
39 41 4D 0D 53 43 41 4C 45 20 4E 4F 20 31 0D 53    9AM.SCALE NO 1.S
54 41 54 55 53 20 83 2A 0D 0A 53 45 54 20 50 31    TATUS .*..SET P1
28 57 29 20 20 20 20 20 20 20 30 2E 30 0D 53 45    (W)       0.0.SE
54 20 50 32 20 20 20 20 20 20 20 30 2E 30 0D 53    T P2       0.0.S
45 54 20 50 33 20 20 20 20 20 20 20 30 2E 30 0D    ET P3       0.0.
53 45 54 20 50 34 20 20 20 20 20 20 20 30 2E 30    SET P4       0.0
0D 47 52 4F 53 53 20 57 45 49 47 48 54 20 20 20    .GROSS WEIGHT   
20 31 31 33 38 2E 30 0D 4E 45 54 20 57 45 49 47     1138.0.NET WEIG
48 54 20 20 20 20 20 20 20 20 32 31 2E 35 0D 54    HT        21.5.T
41 52 45 20 20 20 20 20 20 31 31 31 36 2E 35 0D    ARE      1116.5.
44 41 54 45 20 26 20 54 49 4D 45 20 4A 41 4E 2E    DATE & TIME JAN.
20 31 34 2C 32 30 32 34 20 20 30 36 3A 32 39 41     14,2024  06:29A
4D 0D 53 43 41 4C 45 20 4E 4F 20 31 0D 53 54 41    M.SCALE NO 1.STA
54 55 53 20 83 2A 0D 0A 53 45 54 20 50 31 28 57    TUS .*..SET P1(W
29 20 20 20 20 20 20 20 30 2E 30 0D 53 45 54 20    )       0.0.SET 
50 32 20 20 20 20 20 20 20 30 2E 30 0D 53 45 54    P2       0.0.SET
20 50 33 20 20 20 20 20 20 20 30 2E 30 0D 53 45     P3       0.0.SE
54 20 50 34 20 20 20 20 20 20 20 30 2E 30 0D 47    T P4       0.0.G
52 4F 53 53 20 57 45 49 47 48 54 20 20 20 20 31    ROSS WEIGHT    1
31 33 38 2E 30 0D 4E 45 54 20 57 45 49 47 48 54    138.0.NET WEIGHT
20 20 20 20 20 20 20 20 32 31 2E 35 0D 54 41 52            21.5.TAR
45 20 20 20 20 20 20 31 31 31 36 2E 35 0D 44 41    E      1116.5.DA
54 45 20 26 20 54 49 4D 45 20 4A 41 4E 2E 20 31    TE & TIME JAN. 1
34 2C 32 30 32 34 20 20 30 36 3A 32 39 41 4D 0D    4,2024  06:29AM.
53 43 41 4C 45 20 4E 4F 20 31 0D 53 54 41 54 55    SCALE NO 1.STATU
53 20 83 2A 0D 0A 53 45 54 20 50 31 28 57 29 20    S .*..SET P1(W) 
20 20 20 20 20 20 30 2E 30 0D 53 45 54 20 50 32          0.0.SET P2
20 20 20 20 20 20 20 30 2E 30 0D 53 45 54 20 50           0.0.SET P
33 20 20 20 20 20 20 20 30 2E 30 0D 53 45 54 20    3       0.0.SET 
50 34 20 20 20 20 20 20 20 30 2E 30 0D 47 52 4F    P4       0.0.GRO
53 53 20 57 45 49 47 48 54 20 20 20 20 31 31 33    SS WEIGHT    113
38 2E 30 0D 4E 45 54 20 57 45 49 47 48 54 20 20    8.0.NET WEIGHT  
20 20 20 20 20 20 32 31 2E 35 0D 54 41 52 45 20          21.5.TARE 
20 20 20 20 20 31 31 31 36 2E 35 0D 44 41 54 45         1116.5.DATE
20 26 20 54 49 4D 45 20 4A 41 4E 2E 20 31 34 2C     & TIME JAN. 14,
32 30 32 34 20 20 30 36 3A 32 39 41 4D 0D 53 43    2024  06:29AM.SC
41 4C 45 20 4E 4F 20 31 0D 53 54 41 54 55 53 20    ALE NO 1.STATUS 
83 2A 0D 0A 53 45 54 20 50 31 28 57 29 20 20 20    .*..SET P1(W)   
20 20 20 20 30 2E 30 0D 53 45 54 20 50 32 20 20        0.0.SET P2  
20 20 20 20 20 30 2E 30 0D 53 45 54 20 50 33 20         0.0.SET P3 
20 20 20 20 20 20 30 2E 30 0D 53 45 54 20 50 34          0.0.SET P4
20 20 20 20 20 20 20 30 2E 30 0D 47 52 4F 53 53           0.0.GROSS
20 57 45 49 47 48 54 20 20 20 20 31 31 33 38 2E     WEIGHT    1138.
30 0D 4E 45 54 20 57 45 49 47 48 54 20 20 20 20    0.NET WEIGHT    
20 20 20 20 32 31 2E 35 0D 54 41 52 45 20 20 20        21.5.TARE   
20 20 20 31 31 31 36 2E 35 0D 44 41 54 45 20 26       1116.5.DATE &
20 54 49 4D 45 20 4A 41 4E 2E 20 31 34 2C 32 30     TIME JAN. 14,20
32 34 20 20 30 36 3A 32 39 41 4D 0D 53 43 41 4C    24  06:29AM.SCAL
45 20 4E 4F 20 31 0D 53 54 41 54 55 53 20 83 2A    E NO 1.STATUS .*
0D 0A 53 45 54 20 50 31 28 57 29 20 20 20 20 20    ..SET P1(W)     
20 20 30 2E 30 0D 53 45 54 20 50 32 20 20 20 20      0.0.SET P2    
20 20 20 30 2E 30 0D 53 45 54 20 50 33 20 20 20       0.0.SET P3   
20 20 20 20 30 2E 30 0D 53 45 54 20 50 34 20 20        0.0.SET P4  
20 20 20 20 20 30 2E 30 0D 47 52 4F 53 53 20 57         0.0.GROSS W
45 49 47 48 54 20 20 20 20 31 31 33 38 2E 30 0D    EIGHT    1138.0.
4E 45 54 20 57 45 49 47 48 54 20 20 20 20 20 20    NET WEIGHT      
20 20 32 31 2E 35 0D 54 41 52 45 20 20 20 20 20      21.5.TARE     
20 31 31 31 36 2E 35 0D 44 41 54 45 20 26 20 54     1116.5.DATE & T
49 4D 45 20 4A 41 4E 2E 20 31 34 2C 32 30 32 34    IME JAN. 14,2024
20 20 30 36 3A 32 39 41 4D 0D 53 43 41 4C 45 20      06:29AM.SCALE 
4E 4F 20 31 0D 53 54 41 54 55 53 20 83 2A 0D 0A    NO 1.STATUS .*..
53 45 54 20 50 31 28 57 29 20 20 20 20 20 20 20    SET P1(W)       
30 2E 30 0D 53 45 54 20 50 32 20 20 20 20 20 20    0.0.SET P2      
20 30 2E 30 0D 53 45 54 20 50 33 20 20 20 20 20     0.0.SET P3     
20 20 30 2E 30 0D 53 45 54 20 50 34 20 20 20 20      0.0.SET P4    
20 20 20 30 2E 30 0D 47 52 4F 53 53 20 57 45 49       0.0.GROSS WEI
47 48 54 20 20 20 20 31 31 33 38 2E 30 0D 4E 45    GHT    1138.0.NE
54 20 57 45 49 47 48 54 20 20 20 20 20 20 20 20    T WEIGHT        
32 31 2E 35 0D 54 41 52 45 20 20 20 20 20 20 31    21.5.TARE      1
31 31 36 2E 35 0D 44 41 54 45 20 26 20 54 49 4D    116.5.DATE & TIM
45 20 4A 41 4E 2E 20 31 34 2C 32 30 32 34 20 20    E JAN. 14,2024  
30 36 3A 32 39 41 4D 0D 53 43 41 4C 45 20 4E 4F    06:29AM.SCALE NO
20 31 0D 53 54 41 54 55 53 20 83 2A 0D 0A 53 45     1.STATUS .*..SE
54 20 50 31 28 57 29 20 20 20 20 20 20 20 30 2E    T P1(W)       0.
30 0D 53 45 54 20 50 32 20 20 20 20 20 20 20 30    0.SET P2       0
2E 30 0D 53 45 54 20 50 33 20 20 20 20 20 20 20    .0.SET P3       
30 2E 30 0D 53 45 54 20 50 34 20 20 20 20 20 20    0.0.SET P4      
20 30 2E 30 0D 47 52 4F 53 53 20 57 45 49 47 48     0.0.GROSS WEIGH
54 20 20 20 20 31 31 33 38 2E 30 0D 4E 45 54 20    T    1138.0.NET 
57 45 49 47 48 54 20 20 20 20 20 20 20 20 32 31    WEIGHT        21
2E 35 0D 54 41 52 45 20 20 20 20 20 20 31 31 31    .5.TARE      111
36 2E 35 0D 44 41 54 45 20 26 20 54 49 4D 45 20    6.5.DATE & TIME 
4A 41 4E 2E 20 31 34 2C 32 30 32 34 20 20 30 36    JAN. 14,2024  06
3A 32 39 41 4D 0D 53 43 41 4C 45 20 4E 4F 20 31    :29AM.SCALE NO 1
0D 53 54 41 54 55 53 20 83 2A 0D 0A 53 45 54 20    .STATUS .*..SET 
50 31 28 57 29 20 20 20 20 20 20 20 30 2E 30 0D    P1(W)       0.0.
53 45 54 20 50 32 20 20 20 20 20 20 20 30 2E 30    SET P2       0.0
0D 53 45 54 20 50 33 20 20 20 20 20 20 20 30 2E    .SET P3       0.
30 0D 53 45 54 20 50 34 20 20 20 20 20 20 20 30    0.SET P4       0
2E 30 0D 47 52 4F 53 53 20 57 45 49 47 48 54 20    .0.GROSS WEIGHT 
20 20 20 31 31 33 38 2E 30 0D 4E 45 54 20 57 45       1138.0.NET WE
49 47 48 54 20 20 20 20 20 20 20 20 32 31 2E 35    IGHT        21.5
0D 54 41 52 45 20 20 20 20 20 20 31 31 31 36 2E    .TARE      1116.
35 0D 44 41 54 45 20 26 20 54 49 4D 45 20 4A 41    5.DATE & TIME JA
4E 2E 20 31 34 2C 32 30 32 34 20 20 30 36 3A 32    N. 14,2024  06:2
39 41 4D 0D 53 43 41 4C 45 20 4E 4F 20 31 0D 53    9AM.SCALE NO 1.S
54 41 54 55 53 20 83 2A 0D 0A 53 45 54 20 50 31    TATUS .*..SET P1
28 57 29 20 20 20 20 20 20 20 30 2E 30 0D 53 45    (W)       0.0.SE
54 20 50 32 20 20 20 20 20 20 20 30 2E 30 0D 53    T P2       0.0.S
45 54 20 50 33 20 20 20 20 20 20 20 30 2E 30 0D    ET P3       0.0.
53 45 54 20 50 34 20 20 20 20 20 20 20 30 2E 30    SET P4       0.0
0D 47 52 4F 53 53 20 57 45 49 47 48 54 20 20 20    .GROSS WEIGHT   
20 31 31 33 38 2E 30 0D 4E 45 54 20 57 45 49 47     1138.0.NET WEIG
48 54 20 20 20 20 20 20 20 20 32 31 2E 35 0D 54    HT        21.5.T
41 52 45 20 20 20 20 20 20 31 31 31 36 2E 35 0D    ARE      1116.5.
44 41 54 45 20 26 20 54 49 4D 45 20 4A 41 4E 2E    DATE & TIME JAN.
20 31 34 2C 32 30 32 34 20 20 30 36 3A 32 39 41     14,2024  06:29A
4D 0D 53 43 41 4C 45 20 4E 4F 20 31 0D 53 54 41    M.SCALE NO 1.STA
54 55 53 20 83 2A 0D 0A 53 45 54 20 50 31 28 57    TUS .*..SET P1(W
29 20 20 20 20 20 20 20 30 2E 30 0D 53 45 54 20    )       0.0.SET 
50 32 20 20 20 20 20 20 20 30 2E 30 0D 53 45 54    P2       0.0.SET
20 50 33 20 20 20 20 20 20 20 30 2E 30 0D 53 45     P3       0.0.SE
54 20 50 34 20 20 20 20 20 20 20 30 2E 30 0D 47    T P4       0.0.G
52 4F 53 53 20 57 45 49 47 48 54 20 20 20 20 31    ROSS WEIGHT    1
31 33 38 2E 30 0D 4E 45 54 20 57 45 49 47 48 54    138.0.NET WEIGHT
20 20 20 20 20 20 20 20 32 31 2E 35 0D 54 41 52            21.5.TAR
45 20 20 20 20 20 20 31 31 31 36 2E 35 0D 44 41    E      1116.5.DA
54 45 20 26 20 54 49 4D 45 20 4A 41 4E 2E 20 31    TE & TIME JAN. 1
34 2C 32 30 32 34 20 20 30 36 3A 32 39 41 4D 0D    4,2024  06:29AM.
53 43 41 4C 45 20 4E 4F 20 31 0D 53 54 41 54 55    SCALE NO 1.STATU
53 20 83 2A 0D 0A 53 45 54 20 50 31 28 57 29 20    S .*..SET P1(W) 
20 20 20 20 20 20 30 2E 30 0D 53 45 54 20 50 32          0.0.SET P2
20 20 20 20 20 20 20 30 2E 30 0D 53 45 54 20 50           0.0.SET P
33 20 20 20 20 20 20 20 30 2E 30 0D 53 45 54 20    3       0.0.SET 
50 34 20 20 20 20 20 20 20 30 2E 30 0D 47 52 4F    P4       0.0.GRO
53 53 20 57 45 49 47 48 54 20 20 20 20 31 31 33    SS WEIGHT    113
38 2E 30 0D 4E 45 54 20 57 45 49 47 48 54 20 20    8.0.NET WEIGHT  
20 20 20 20 20 20 32 31 2E 35 0D 54 41 52 45 20          21.5.TARE 
20 20 20 20 20 31 31 31 36 2E 35 0D 44 41 54 45         1116.5.DATE
20 26 20 54 49 4D 45 20 4A 41 4E 2E 20 31 34 2C     & TIME JAN. 14,
32 30 32 34 20 20 30 36 3A 32 39 41 4D 0D 53 43    2024  06:29AM.SC
41 4C 45 20 4E 4F 20 31 0D 53 54 41 54 55 53 20    ALE NO 1.STATUS 
83 2A 0D 0A 53 45 54 20 50 31 28 57 29 20 20 20    .*..SET P1(W)   
20 20 20 20 30 2E 30 0D 53 45 54 20 50 32 20 20        0.0.SET P2  
20 20 20 20 20 30 2E 30 0D 53 45 54 20 50 33 20         0.0.SET P3 
20 20 20 20 20 20 30 2E 30 0D 53 45 54 20 50 34          0.0.SET P4
20 20 20 20 20 20 20 30 2E 30 0D 47 52 4F 53 53           0.0.GROSS
20 57 45 49 47 48 54 20 20 20 20 31 31 33 38 2E     WEIGHT    1138.
30 0D 4E 45 54 20 57 45 49 47 48 54 20 20 20 20    0.NET WEIGHT    
20 20 20 20 32 31 2E 35 0D 54 41 52 45 20 20 20        21.5.TARE   
20 20 20 31 31 31 36 2E 35 0D 44 41 54 45 20 26       1116.5.DATE &
20 54 49 4D 45 20 4A 41 4E 2E 20 31 34 2C 32 30     TIME JAN. 14,20
32 34 20 20 30 36 3A 32 39 41 4D 0D 53 43 41 4C    24  06:29AM.SCAL
45 20 4E 4F 20 31 0D 53 54 41 54 55 53 20 83 2A    E NO 1.STATUS .*
0D 0A 53 45 54 20 50 31 28 57 29 20 20 20 20 20    ..SET P1(W)     
20 20 30 2E 30 0D 53 45 54 20 50 32 20 20 20 20      0.0.SET P2    
20 20 20 30 2E 30 0D 53 45 54 20 50 33 20 20 20       0.0.SET P3   
20 20 20 20 30 2E 30 0D 53 45 54 20 50 34 20 20        0.0.SET P4  
20 20 20 20 20 30 2E 30 0D 47 52 4F 53 53 20 57         0.0.GROSS W
45 49 47 48 54 20 20 20 20 31 31 33 38 2E 30 0D    EIGHT    1138.0.
4E 45 54 20 57 45 49 47 48 54 20 20 20 20 20 20    NET WEIGHT      
20 20 32 31 2E 35 0D 54 41 52 45 20 20 20 20 20      21.5.TARE     
20 31 31 31 36 2E 35 0D 44 41 54 45 20 26 20 54     1116.5.DATE & T
49 4D 45 20 4A 41 4E 2E 20 31 34 2C 32 30 32 34    IME JAN. 14,2024
20 20 30 36 3A 32 39 41 4D 0D 53 43 41 4C 45 20      06:29AM.SCALE 
4E 4F 20 31 0D 53 54 41 54 55 53 20 83 2A 0D 0A    NO 1.STATUS .*..
53 45 54 20 50 31 28 57 29 20 20 20 20 20 20 20    SET P1(W)       
30 2E 30 0D 53 45 54 20 50 32 20 20 20 20 20 20    0.0.SET P2      
20 30 2E 30 0D 53 45 54 20 50 33 20 20 20 20 20     0.0.SET P3     
20 20 30 2E 30 0D 53 45 54 20 50 34 20 20 20 20      0.0.SET P4    
20 20 20 30 2E 30 0D 47 52 4F 53 53 20 57 45 49       0.0.GROSS WEI
47 48 54 20 20 20 20 31 31 33 38 2E 30 0D 4E 45    GHT    1138.0.NE
54 20 57 45 49 47 48 54 20 20 20 20 20 20 20 20    T WEIGHT        
32 31 2E 35 0D 54 41 52 45 20 20 20 20 20 20 31    21.5.TARE      1
31 31 36 2E 35 0D 44 41 54 45 20 26 20 54 49 4D    116.5.DATE & TIM
45 20 4A 41 4E 2E 20 31 34 2C 32 30 32 34 20 20    E JAN. 14,2024  
30 36 3A 32 39 41 4D 0D 53 43 41 4C 45 20 4E 4F    06:29AM.SCALE NO
20 31 0D 53 54 41 54 55 53 20 83 2A 0D 0A 53 45     1.STATUS .*..SE
54 20 50 31 28 57 29 20 20 20 20 20 20 20 30 2E    T P1(W)       0.
30 0D 53 45 54 20 50 32 20 20 20 20 20 20 20 30    0.SET P2       0
2E 30 0D 53 45 54 20 50 33 20 20 20 20 20 20 20    .0.SET P3       
30 2E 30 0D 53 45 54 20 50 34 20 20 20 20 20 20    0.0.SET P4      
20 30 2E 30 0D 47 52 4F 53 53 20 57 45 49 47 48     0.0.GROSS WEIGH
54 20 20 20 20 31 31 33 38 2E 30 0D 4E 45 54 20    T    1138.0.NET 
57 45 49 47 48 54 20 20 20 20 20 20 20 20 32 31    WEIGHT        21
2E 35 0D 54 41 52 45 20 20 20 20 20 20 31 31 31    .5.TARE      111
36 2E 35 0D 44 41 54 45 20 26 20 54 49 4D 45 20    6.5.DATE & TIME 
4A 41 4E 2E 20 31 34 2C 32 30 32 34 20 20 30 36    JAN. 14,2024  06
3A 32 39 41 4D 0D 53 43 41 4C 45 20 4E 4F 20 31    :29AM.SCALE NO 1
0D 53 54 41 54 55 53 20 83 2A 0D 0A                .STATUS .*..
