-- 1st missing part
46 20 20 20 20 20 20 30
2E 30 0D 48 20 20 20 20 20 20 30 2E 30 0D 51 20
20 20 20 20 20 20

-- FIXED #1
46 20 20 20 20 20 20 30 2E 30 0D 48 20 20 20 20 
20 20 30 2E 30 0D 51 20 20 20 20 20 20 20 20 30 
2E 30 0D 58 20 20 20 20 20 20 30 2E 30 0D 41 20 
20 20 20 38 31 32 2E 35 0D 30 20 20 20 20 20 32 
34 2E 30 0D 34 20 20 20 20 37 38 38 2E 35 0D 31 
20 20 20 20 20 20 30 2E 30 0D 32 20 20 20 20 20 
20 20 30 0D 42 81 0D 43 31 33 F4 20 30 32 F3 20 
32 30 32 33 F2 20 4D 4F 4E 20 30 32 3A 35 36 50 
4D 0D 56 31 0D 0A 

46 20 20 20 20 20 20 30 2E 30 0D 48 20 20 20 20 
20 20 30 2E 30 0D 51 20 20 20 20 20 20 30 2E 30 
0D 58 20 20 20 20 20 20 30 2E 30 0D 41 20 20 20 
20 38 31 32 2E 35 0D 30 20 20 20 20 20 32 34 2E 
30 0D 34 20 20 20 20 37 38 38 2E 35 0D 31 20 20 
20 20 20 20 30 2E 30 0D 32 20 20 20 20 20 20 20 
30 0D 42 83 0D 43 31 33 F4 20 30 32 F3 20 32 30 
32 33 F2 20 4D 4F 4E 20 30 32 3A 35 36 50 4D 0D 
56 31 0D 0A

