20 20 20 20 20 20 20 30 0D 42 83 0D 43 32 30 F4           0.B..C20.
20 30 32 F3 20 32 30 32 33 F2 20 4D 4F 4E 20 30     02. 2023. MON 0
39 3A 31 37 41 4D 0D 56 31 0D 0A 46 20 20 20 20    9:17AM.V1..F    
20 20 30 2E 30 0D 48 20 20 20 20 20 20 30 2E 30      0.0.H      0.0
0D 51 20 20 20 20 20 20 30 2E 30 0D 58 20 20 20    .Q      0.0.X   
20 20 20 30 2E 30 0D 41 20 20 20 20 33 34 39 2E       0.0.A    349.
30 0D 30 20 20 20 20 20 20 36 2E 30 0D 34 20 20    0.0      6.0.4  
20 20 33 34 33 2E 35 0D 31 20 20 20 20 20 20 30      343.5.1      0
2E 30 0D 32 20 20 20 20 20 20 20 30 0D 42 83 0D    .0.2       0.B..
43 32 30 F4 20 30 32 F3 20 32 30 32 33 F2 20 4D    C20. 02. 2023. M
4F 4E 20 30 39 3A 31 37 41 4D 0D 56 31 0D 0A 46    ON 09:17AM.V1..F
20 20 20 20 20 20 30 2E 30 0D 48 20 20 20 20 20          0.0.H     
20 30 2E 30 0D 51 20 20 20 20 20 20 30 2E 30 0D     0.0.Q      0.0.
58 20 20 20 20 20 20 30 2E 30 0D 41 20 20 20 20    X      0.0.A    
33 34 39 2E 30 0D 30 20 20 20 20 20 20 36 2E 30    349.0.0      6.0
0D 34 20 20 20 20 33 34 33 2E 35 0D 31 20 20 20    .4    343.5.1   
20 20 20 30 2E 30 0D 32 20 20 20 20 20 20 20 30       0.0.2       0
0D 42 83 0D 43 32 30 F4 20 30 32 F3 20 32 30 32    .B..C20. 02. 202
33 F2 20 4D 4F 4E 20 30 39 3A 31 37 41 4D 0D 56    3. MON 09:17AM.V
31 0D 0A 46 20 20 20 20 20 20 30 2E 30 0D 48 20    1..F      0.0.H 
20 20 20 20 20 30 2E 30 0D 51 20 20 20 20 20 20         0.0.Q      
30 2E 30 0D 58 20 20 20 20 20 20 30 2E 30 0D 41    0.0.X      0.0.A
20 20 20 20 33 34 39 2E 30 0D 30 20 20 20 20 20        349.0.0     
20 36 2E 30 0D 34 20 20 20 20 33 34 33 2E 35 0D     6.0.4    343.5.
31 20 20 20 20 20 20 30 2E 30 0D 32 20 20 20 20    1      0.0.2    
20 20 20 30 0D 42 83 0D 43 32 30 F4 20 30 32 F3       0.B..C20. 02.
20 32 30 32 33 F2 20 4D 4F 4E 20 30 39 3A 31 37     2023. MON 09:17
41 4D 0D 56 31 0D 0A 46 20 20 20 20 20 20 30 2E    AM.V1..F      0.
30 0D 48 20 20 20 20 20 20 30 2E 30 0D 51 20 20    0.H      0.0.Q  
20 20 20 20 30 2E 30 0D 58 20 20 20 20 20 20 30        0.0.X      0
2E 30 0D 41 20 20 20 20 33 34 39 2E 30 0D 30 20    .0.A    349.0.0 
20 20 20 20 20 36 2E 30 0D 34 20 20 20 20 33 34         6.0.4    34
33 2E 35 0D 31 20 20 20 20 20 20 30 2E 30 0D 32    3.5.1      0.0.2
20 20 20 20 20 20 20 30 0D 42 83 0D 43 32 30 F4           0.B..C20.
20 30 32 F3 20 32 30 32 33 F2 20 4D 4F 4E 20 30     02. 2023. MON 0
39 3A 31 37 41 4D 0D 56 31 0D 0A 46 20 20 20 20    9:17AM.V1..F    
20 20 30 2E 30 0D 48 20 20 20 20 20 20 30 2E 30      0.0.H      0.0
0D 51 20 20 20 20 20 20 30 2E 30 0D 58 20 20 20    .Q      0.0.X   
20 20 20 30 2E 30 0D 41 20 20 20 20 33 34 39 2E       0.0.A    349.
30 0D 30 20 20 20 20 20 20 36 2E 30 0D 34 20 20    0.0      6.0.4  
20 20 33 34 33 2E 35 0D 31 20 20 20 20 20 20 30      343.5.1      0
2E 30 0D 32 20 20 20 20 20 20 20 30 0D 42 83 0D    .0.2       0.B..
43 32 30 F4 20 30 32 F3 20 32 30 32 33 F2 20 4D    C20. 02. 2023. M
4F 4E 20 30 39 3A 31 37 41 4D 0D 56 31 0D 0A 46    ON 09:17AM.V1..F
20 20 20 20 20 20 30 2E 30 0D 48 20 20 20 20 20          0.0.H     
20 30 2E 30 0D 51 20 20 20 20 20 20 30 2E 30 0D     0.0.Q      0.0.
58 20 20 20 20 20 20 30 2E 30 0D 41 20 20 20 20    X      0.0.A    
33 34 39 2E 35 0D 30 20 20 20 20 20 20 36 2E 30    349.5.0      6.0
0D 34 20 20 20 20 33 34 33 2E 35 0D 31 20 20 20    .4    343.5.1   
20 20 20 30 2E 30 0D 32 20 20 20 20 20 20 20 30       0.0.2       0
0D 42 83 0D 43 32 30 F4 20 30 32 F3 20 32 30 32    .B..C20. 02. 202
33 F2 20 4D 4F 4E 20 30 39 3A 31 37 41 4D 0D 56    3. MON 09:17AM.V
31 0D 0A 46 20 20 20 20 20 20 30 2E 30 0D 48 20    1..F      0.0.H 
20 20 20 20 20 30 2E 30 0D 51 20 20 20 20 20 20         0.0.Q      
30 2E 30 0D 58 20 20 20 20 20 20 30 2E 30 0D 41    0.0.X      0.0.A
20 20 20 20 33 34 39 2E 35 0D 30 20 20 20 20 20        349.5.0     
20 36 2E 30 0D 34 20 20 20 20 33 34 33 2E 35 0D     6.0.4    343.5.
31 20 20 20 20 20 20 30 2E 30 0D 32 20 20 20 20    1      0.0.2    
20 20 20 30 0D 42 83 0D 43 32 30 F4 20 30 32 F3       0.B..C20. 02.
20 32 30 32 33 F2 20 4D 4F 4E 20 30 39 3A 31 37     2023. MON 09:17
41 4D 0D 56 31 0D 0A 46 20 20 20 20 20 20 30 2E    AM.V1..F      0.
30 0D 48 20 20 20 20 20 20 30 2E 30 0D 51 20 20    0.H      0.0.Q  
20 20 20 20 30 2E 30 0D 58 20 20 20 20 20 20 30        0.0.X      0
2E 30 0D 41 20 20 20 20 33 34 39 2E 35 0D 30 20    .0.A    349.5.0 
20 20 20 20 20 36 2E 30 0D 34 20 20 20 20 33 34         6.0.4    34
33 2E 35 0D 31 20 20 20 20 20 20 30 2E 30 0D 32    3.5.1      0.0.2
20 20 20 20 20 20 20 30 0D 42 83 0D 43 32 30 F4           0.B..C20.
20 30 32 F3 20 32 30 32 33 F2 20 4D 4F 4E 20 30     02. 2023. MON 0
39 3A 31 37 41 4D 0D 56 31 0D 0A 46 20 20 20 20    9:17AM.V1..F    
20 20 30 2E 30 0D 48 20 20 20 20 20 20 30 2E 30      0.0.H      0.0
0D 51 20 20 20 20 20 20 30 2E 30 0D 58 20 20 20    .Q      0.0.X   
20 20 20 30 2E 30 0D 41 20 20 20 20 33 34 39 2E       0.0.A    349.
35 0D 30 20 20 20 20 20 20 36 2E 30 0D 34 20 20    5.0      6.0.4  
20 20 33 34 33 2E 35 0D 31 20 20 20 20 20 20 30      343.5.1      0
2E 30 0D 32 20 20 20 20 20 20 20 30 0D 42 83 0D    .0.2       0.B..
43 32 30 F4 20 30 32 F3 20 32 30 32 33 F2 20 4D    C20. 02. 2023. M
4F 4E 20 30 39 3A 31 37 41 4D 0D 56 31 0D 0A 46    ON 09:17AM.V1..F
20 20 20 20 20 20 30 2E 30 0D 48 20 20 20 20 20          0.0.H     
20 30 2E 30 0D 51 20 20 20 20 20 20 30 2E 30 0D     0.0.Q      0.0.
58 20 20 20 20 20 20 30 2E 30 0D 41 20 20 20 20    X      0.0.A    
33 34 39 2E 35 0D 30 20 20 20 20 20 20 36 2E 30    349.5.0      6.0
0D 34 20 20 20 20 33 34 33 2E 35 0D 31 20 20 20    .4    343.5.1   
20 20 20 30 2E 30 0D 32 20 20 20 20 20 20 20 30       0.0.2       0
0D 42 83 0D 43 32 30 F4 20 30 32 F3 20 32 30 32    .B..C20. 02. 202
33 F2 20 4D 4F 4E 20 30 39 3A 31 38 41 4D 0D 56    3. MON 09:18AM.V
31 0D 0A 46 20 20 20 20 20 20 30 2E 30 0D 48 20    1..F      0.0.H 
20 20 20 20 20 30 2E 30 0D 51 20 20 20 20 20 20         0.0.Q      
30 2E 30 0D 58 20 20 20 20 20 20 30 2E 30 0D 41    0.0.X      0.0.A
20 20 20 20 33 34 39 2E 35 0D 30 20 20 20 20 20        349.5.0     
20 36 2E 30 0D 34 20 20 20 20 33 34 33 2E 35 0D     6.0.4    343.5.
31 20 20 20 20 20 20 30 2E 30 0D 32 20 20 20 20    1      0.0.2    
20 20 20 30 0D 42 83 0D 43 32 30 F4 20 30 32 F3       0.B..C20. 02.
20 32 30 32 33 F2 20 4D 4F 4E 20 30 39 3A 31 38     2023. MON 09:18
41 4D 0D 56 31 0D 0A 46 20 20 20 20 20 20 30 2E    AM.V1..F      0.
30 0D 48 20 20 20 20 20 20 30 2E 30 0D 51 20 20    0.H      0.0.Q  
20 20 20 20 30 2E 30 0D 58 20 20 20 20 20 20 30        0.0.X      0
2E 30 0D 41 20 20 20 20 33 34 39 2E 35 0D 30 20    .0.A    349.5.0 
20 20 20 20 20 36 2E 30 0D 34 20 20 20 20 33 34         6.0.4    34
33 2E 35 0D 31 20 20 20 20 20 20 30 2E 30 0D 32    3.5.1      0.0.2
20 20 20 20 20 20 20 30 0D 42 83 0D 43 32 30 F4           0.B..C20.
20 30 32 F3 20 32 30 32 33 F2 20 4D 4F 4E 20 30     02. 2023. MON 0
39 3A 31 38 41 4D 0D 56 31 0D 0A 46 20 20 20 20    9:18AM.V1..F    
20 20 30 2E 30 0D 48 20 20 20 20 20 20 30 2E 30      0.0.H      0.0
0D 51 20 20 20 20 20 20 30 2E 30 0D 58 20 20 20    .Q      0.0.X   
20 20 20 30 2E 30 0D 41 20 20 20 20 33 34 39 2E       0.0.A    349.
35 0D 30 20 20 20 20 20 20 36 2E 30 0D 34 20 20    5.0      6.0.4  
20 20 33 34 33 2E 35 0D 31 20 20 20 20 20 20 30      343.5.1      0
2E 30 0D 32 20 20 20 20 20 20 20 30 0D 42 83 0D    .0.2       0.B..
43 32 30 F4 20 30 32 F3 20 32 30 32 33 F2 20 4D    C20. 02. 2023. M
4F 4E 20 30 39 3A 31 38 41 4D 0D 56 31 0D 0A 46    ON 09:18AM.V1..F
20 20 20 20 20 20 30 2E 30 0D 48 20 20 20 20 20          0.0.H     
20 30 2E 30 0D 51 20 20 20 20 20 20 30 2E 30 0D     0.0.Q      0.0.
58 20 20 20 20 20 20 30 2E 30 0D 41 20 20 20 20    X      0.0.A    
33 34 39 2E 35 0D 30 20 20 20 20 20 20 36 2E 30    349.5.0      6.0
0D 34 20 20 20 20 33 34 33 2E 35 0D 31 20 20 20    .4    343.5.1   
20 20 20 30 2E 30 0D 32 20 20 20 20 20 20 20 30       0.0.2       0
0D 42 83 0D 43 32 30 F4 20 30 32 F3 20 32 30 32    .B..C20. 02. 202
33 F2 20 4D 4F 4E 20 30 39 3A 31 38 41 4D 0D 56    3. MON 09:18AM.V
31 0D 0A 46 20 20 20 20 20 20 30 2E 30 0D 48 20    1..F      0.0.H 
20 20 20 20 20 30 2E 30 0D 51 20 20 20 20 20 20         0.0.Q      
30 2E 30 0D 58 20 20 20 20 20 20 30 2E 30 0D 41    0.0.X      0.0.A
20 20 20 20 33 34 39 2E 35 0D 30 20 20 20 20 20        349.5.0     
20 36 2E 30 0D 34 20 20 20 20 33 34 33 2E 35 0D     6.0.4    343.5.
31 20 20 20 20 20 20 30 2E 30 0D 32 20 20 20 20    1      0.0.2    
20 20 20 30 0D 42 83 0D 43 32 30 F4 20 30 32 F3       0.B..C20. 02.
20 32 30 32 33 F2 20 4D 4F 4E 20 30 39 3A 31 38     2023. MON 09:18
41 4D 0D 56 31 0D 0A 46 20 20 20 20 20 20 30 2E    AM.V1..F      0.
30 0D 48 20 20 20 20 20 20 30 2E 30 0D 51 20 20    0.H      0.0.Q  
20 20 20 20 30 2E 30 0D 58 20 20 20 20 20 20 30        0.0.X      0
2E 30 0D 41 20 20 20 20 33 34 39 2E 35 0D 30 20    .0.A    349.5.0 
20 20 20 20 20 36 2E 30 0D 34 20 20 20 20 33 34         6.0.4    34
33 2E 35 0D 31 20 20 20 20 20 20 30 2E 30 0D 32    3.5.1      0.0.2
20 20 20 20 20 20 20 30 0D 42 83 0D 43 32 30 F4           0.B..C20.
20 30 32 F3 20 32 30 32 33 F2 20 4D 4F 4E 20 30     02. 2023. MON 0
39 3A 31 38 41 4D 0D 56 31 0D 0A 46 20 20 20 20    9:18AM.V1..F    
20 20 30 2E 30 0D 48 20 20 20 20 20 20 30 2E 30      0.0.H      0.0
0D 51 20 20 20 20 20 20 30 2E 30 0D 58 20 20 20    .Q      0.0.X   
20 20 20 30 2E 30 0D 41 20 20 20 20 33 34 39 2E       0.0.A    349.
35 0D 30 20 20 20 20 20 20 36 2E 30 0D 34 20 20    5.0      6.0.4  
20 20 33 34 33 2E 35 0D 31 20 20 20 20 20 20 30      343.5.1      0
2E 30 0D 32 20 20 20 20 20 20 20 30 0D 42 83 0D    .0.2       0.B..
43 32 30 F4 20 30 32 F3 20 32 30 32 33 F2 20 4D    C20. 02. 2023. M
4F 4E 20 30 39 3A 31 38 41 4D 0D 56 31 0D 0A 46    ON 09:18AM.V1..F
20 20 20 20 20 20 30 2E 30 0D 48 20 20 20 20 20          0.0.H     
20 30 2E 30 0D 51 20 20 20 20 20 20 30 2E 30 0D     0.0.Q      0.0.
58 20 20 20 20 20 20 30 2E 30 0D 41 20 20 20 20    X      0.0.A    
33 34 39 2E 35 0D 30 20 20 20 20 20 20 36 2E 30    349.5.0      6.0
0D 34 20 20 20 20 33 34 33 2E 35 0D 31 20 20 20    .4    343.5.1   
20 20 20 30 2E 30 0D 32 20 20 20 20 20 20 20 30       0.0.2       0
0D 42 83 0D 43 32 30 F4 20 30 32 F3 20 32 30 32    .B..C20. 02. 202
33 F2 20 4D 4F 4E 20 30 39 3A 31 38 41 4D 0D 56    3. MON 09:18AM.V
31 0D 0A 46 20 20 20 20 20 20 30 2E 30 0D 48 20    1..F      0.0.H 
20 20 20 20 20 30 2E 30 0D 51 20 20 20 20 20 20         0.0.Q      
30 2E 30 0D 58 20 20 20 20 20 20 30 2E 30 0D 41    0.0.X      0.0.A
20 20 20 20 33 34 39 2E 35 0D 30 20 20 20 20 20        349.5.0     
20 36 2E 35 0D 34 20 20 20 20 33 34 33 2E 35 0D     6.5.4    343.5.
31 20 20 20 20 20 20 30 2E 30 0D 32 20 20 20 20    1      0.0.2    
20 20 20 30 0D 42 83 0D 43 32 30 F4 20 30 32 F3       0.B..C20. 02.
20 32 30 32 33 F2 20 4D 4F 4E 20 30 39 3A 31 38     2023. MON 09:18
41 4D 0D 56 31 0D 0A 46 20 20 20 20 20 20 30 2E    AM.V1..F      0.
30 0D 48 20 20 20 20 20 20 30 2E 30 0D 51 20 20    0.H      0.0.Q  
20 20 20 20 30 2E 30 0D 58 20 20 20 20 20 20 30        0.0.X      0
2E 30 0D 41 20 20 20 20 33 34 39 2E 35 0D 30 20    .0.A    349.5.0 
20 20 20 20 20 36 2E 35 0D 34 20 20 20 20 33 34         6.5.4    34
33 2E 35 0D 31 20 20 20 20 20 20 30 2E 30 0D 32    3.5.1      0.0.2
20 20 20 20 20 20 20 30 0D 42 83 0D 43 32 30 F4           0.B..C20.
20 30 32 F3 20 32 30 32 33 F2 20 4D 4F 4E 20 30     02. 2023. MON 0
39 3A 31 38 41 4D 0D 56 31 0D 0A 46 20 20 20 20    9:18AM.V1..F    
20 20 30 2E 30 0D 48 20 20 20 20 20 20 30 2E 30      0.0.H      0.0
0D 51 20 20 20 20 20 20 30 2E 30 0D 58 20 20 20    .Q      0.0.X   
20 20 20 30 2E 30 0D 41 20 20 20 20 33 34 39 2E       0.0.A    349.
35 0D 30 20 20 20 20 20 20 36 2E 35 0D 34 20 20    5.0      6.5.4  
20 20 33 34 33 2E 35 0D 31 20 20 20 20 20 20 30      343.5.1      0
2E 30 0D 32 20 20 20 20 20 20 20 30 0D 42 83 0D    .0.2       0.B..
43 32 30 F4 20 30 32 F3 20 32 30 32 33 F2 20 4D    C20. 02. 2023. M
4F 4E 20 30 39 3A 31 38 41 4D 0D 56 31 0D 0A 46    ON 09:18AM.V1..F
20 20 20 20 20 20 30 2E 30 0D 48 20 20 20 20 20          0.0.H     
20 30 2E 30 0D 51 20 20 20 20 20 20 30 2E 30 0D     0.0.Q      0.0.
58 20 20 20 20 20 20 30 2E 30 0D 41 20 20 20 20    X      0.0.A    
33 34 39 2E 35 0D 30 20 20 20 20 20 20 36 2E 35    349.5.0      6.5
0D 34 20 20 20 20 33 34 33 2E 35 0D 31 20 20 20    .4    343.5.1   
20 20 20 30 2E 30 0D 32 20 20 20 20 20 20 20 30       0.0.2       0
0D 42 83 0D 43 32 30 F4 20 30 32 F3 20 32 30 32    .B..C20. 02. 202
33 F2 20 4D 4F 4E 20 30 39 3A 31 38 41 4D 0D 56    3. MON 09:18AM.V
31 0D 0A 46 20 20 20 20 20 20 30 2E 30 0D 48 20    1..F      0.0.H 
20 20 20 20 20 30 2E 30 0D 51 20 20 20 20 20 20         0.0.Q      
30 2E 30 0D 58 20 20 20 20 20 20 30 2E 30 0D 41    0.0.X      0.0.A
20 20 20 20 33 35 30 2E 30 0D 30 20 20 20 20 20        350.0.0     
20 36 2E 35 0D 34 20 20 20 20 33 34 33 2E 35 0D     6.5.4    343.5.
31 20 20 20 20 20 20 30 2E 30 0D 32 20 20 20 20    1      0.0.2    
20 20 20 30 0D 42 83 0D 43 32 30 F4 20 30 32 F3       0.B..C20. 02.
20 32 30 32 33 F2 20 4D 4F 4E 20 30 39 3A 31 38     2023. MON 09:18
41 4D 0D 56 31 0D 0A 46 20 20 20 20 20 20 30 2E    AM.V1..F      0.
30 0D 48 20 20 20 20 20 20 30 2E 30 0D 51 20 20    0.H      0.0.Q  
20 20 20 20 30 2E 30 0D 58 20 20 20 20 20 20 30        0.0.X      0
2E 30 0D 41 20 20 20 20 33 35 30 2E 30 0D 30 20    .0.A    350.0.0 
20 20 20 20 20 36 2E 35 0D 34 20 20 20 20 33 34         6.5.4    34
33 2E 35 0D 31 20 20 20 20 20 20 30 2E 30 0D 32    3.5.1      0.0.2
20 20 20 20 20 20 20 30 0D 42 81 0D 43 32 30 F4           0.B..C20.
20 30 32 F3 20 32 30 32 33 F2 20 4D 4F 4E 20 30     02. 2023. MON 0
39 3A 31 38 41 4D 0D 56 31 0D 0A 46 20 20 20 20    9:18AM.V1..F    
20 20 30 2E 30 0D 48 20 20 20 20 20 20 30 2E 30      0.0.H      0.0
0D 51 20 20 20 20 20 20 30 2E 30 0D 58 20 20 20    .Q      0.0.X   
20 20 20 30 2E 30 0D 41 20 20 20 20 33 35 30 2E       0.0.A    350.
30 0D 30 20 20 20 20 20 20 36 2E 35 0D 34 20 20    0.0      6.5.4  
20 20 33 34 33 2E 35 0D 31 20 20 20 20 20 20 30      343.5.1      0
2E 30 0D 32 20 20 20 20 20 20 20 30 0D 42 81 0D    .0.2       0.B..
43 32 30 F4 20 30 32 F3 20 32 30 32 33 F2 20 4D    C20. 02. 2023. M
4F 4E 20 30 39 3A 31 38 41 4D 0D 56 31 0D 0A 46    ON 09:18AM.V1..F
20 20 20 20 20 20 30 2E 30 0D 48 20 20 20 20 20          0.0.H     
20 30 2E 30 0D 51 20 20 20 20 20 20 30 2E 30 0D     0.0.Q      0.0.
58 20 20 20 20 20 20 30 2E 30 0D 41 20 20 20 20    X      0.0.A    
33 35 30 2E 30 0D 30 20 20 20 20 20 20 36 2E 35    350.0.0      6.5
0D 34 20 20 20 20 33 34 33 2E 35 0D 31 20 20 20    .4    343.5.1   
20 20 20 30 2E 30 0D 32 20 20 20 20 20 20 20 30       0.0.2       0
0D 42 83 0D 43 32 30 F4 20 30 32 F3 20 32 30 32    .B..C20. 02. 202
33 F2 20 4D 4F 4E 20 30 39 3A 31 38 41 4D 0D 56    3. MON 09:18AM.V
31 0D 0A 46 20 20 20 20 20 20 30 2E 30 0D 48 20    1..F      0.0.H 
20 20 20 20 20 30 2E 30 0D 51 20 20 20 20 20 20         0.0.Q      
30 2E 30 0D 58 20 20 20 20 20 20 30 2E 30 0D 41    0.0.X      0.0.A
20 20 20 20 33 35 30 2E 30 0D 30 20 20 20 20 20        350.0.0     
20 36 2E 35 0D 34 20 20 20 20 33 34 33 2E 35 0D     6.5.4    343.5.
31 20 20 20 20 20 20 30 2E 30 0D 32 20 20 20 20    1      0.0.2    
20 20 20 30 0D 42 83 0D 43 32 30 F4 20 30 32 F3       0.B..C20. 02.
20 32 30 32 33 F2 20 4D 4F 4E 20 30 39 3A 31 38     2023. MON 09:18
41 4D 0D 56 31 0D 0A 46 20 20 20 20 20 20 30 2E    AM.V1..F      0.
30 0D 48 20 20 20 20 20 20 30 2E 30 0D 51 20 20    0.H      0.0.Q  
20 20 20 20 30 2E 30 0D 58 20 20 20 20 20 20 30        0.0.X      0
2E 30 0D 41 20 20 20 20 33 35 30 2E 30 0D 30 20    .0.A    350.0.0 
20 20 20 20 20 36 2E 35 0D 34 20 20 20 20 33 34         6.5.4    34
33 2E 35 0D 31 20 20 20 20 20 20 30 2E 30 0D 32    3.5.1      0.0.2
20 20 20 20 20 20 20 30 0D 42 83 0D 43 32 30 F4           0.B..C20.
20 30 32 F3 20 32 30 32 33 F2 20 4D 4F 4E 20 30     02. 2023. MON 0
39 3A 31 38 41 4D 0D 56 31 0D 0A 46 20 20 20 20    9:18AM.V1..F    
20 20 30 2E 30 0D 48 20 20 20 20 20 20 30 2E 30      0.0.H      0.0
0D 51 20 20 20 20 20 20 30 2E 30 0D 58 20 20 20    .Q      0.0.X   
20 20 20 30 2E 30 0D 41 20 20 20 20 33 35 30 2E       0.0.A    350.
30 0D 30 20 20 20 20 20 20 36 2E 35 0D 34 20 20    0.0      6.5.4  
20 20 33 34 33 2E 35 0D 31 20 20 20 20 20 20 30      343.5.1      0
2E 30 0D 32 20 20 20 20 20 20 20 30 0D 42 83 0D    .0.2       0.B..
43 32 30 F4 20 30 32 F3 20 32 30 32 33 F2 20 4D    C20. 02. 2023. M
4F 4E 20 30 39 3A 31 38 41 4D 0D 56 31 0D 0A 46    ON 09:18AM.V1..F
20 20 20 20 20 20 30 2E 30 0D 48 20 20 20 20 20          0.0.H     
20 30 2E 30 0D 51 20 20 20 20 20 20 30 2E 30 0D     0.0.Q      0.0.
58 20 20 20 20 20 20 30 2E 30 0D 41 20 20 20 20    X      0.0.A    
33 35 30 2E 30 0D 30 20 20 20 20 20 20 36 2E 35    350.0.0      6.5
0D 34 20 20 20 20 33 34 33 2E 35 0D 31 20 20 20    .4    343.5.1   
20 20 20 30 2E 30 0D 32 20 20 20 20 20 20 20 30       0.0.2       0
0D 42 83 0D 43 32 30 F4 20 30 32 F3 20 32 30 32    .B..C20. 02. 202
33 F2 20 4D 4F 4E 20 30 39 3A 31 38 41 4D 0D 56    3. MON 09:18AM.V
31 0D 0A 46 20 20 20 20 20 20 30 2E 30 0D 48 20    1..F      0.0.H 
20 20 20 20 20 30 2E 30 0D 51 20 20 20 20 20 20         0.0.Q      
30 2E 30 0D 58 20 20 20 20 20 20 30 2E 30 0D 41    0.0.X      0.0.A
20 20 20 20 33 35 30 2E 30 0D 30 20 20 20 20 20        350.0.0     
20 36 2E 35 0D 34 20 20 20 20 33 34 33 2E 35 0D     6.5.4    343.5.
31 20 20 20 20 20 20 30 2E 30 0D 32 20 20 20 20    1      0.0.2    
20 20 20 30 0D 42 83 0D 43 32 30 F4 20 30 32 F3       0.B..C20. 02.
20 32 30 32 33 F2 20 4D 4F 4E 20 30 39 3A 31 38     2023. MON 09:18
41 4D 0D 56 31 0D 0A 46 20 20 20 20 20 20 30 2E    AM.V1..F      0.
30 0D 48 20 20 20 20 20 20 30 2E 30 0D 51 20 20    0.H      0.0.Q  
20 20 20 20 30 2E 30 0D 58 20 20 20 20 20 20 30        0.0.X      0
2E 30 0D 41 20 20 20 20 33 35 30 2E 30 0D 30 20    .0.A    350.0.0 
20 20 20 20 20 36 2E 35 0D 34 20 20 20 20 33 34         6.5.4    34
33 2E 35 0D 31 20 20 20 20 20 20 30 2E 30 0D 32    3.5.1      0.0.2
20 20 20 20 20 20 20 30 0D 42 83 0D 43 32 30 F4           0.B..C20.
20 30 32 F3 20 32 30 32 33 F2 20 4D 4F 4E 20 30     02. 2023. MON 0
39 3A 31 38 41 4D 0D 56 31 0D 0A 46 20 20 20 20    9:18AM.V1..F    
20 20 30 2E 30 0D 48 20 20 20 20 20 20 30 2E 30      0.0.H      0.0
0D 51 20 20 20 20 20 20 30 2E 30 0D 58 20 20 20    .Q      0.0.X   
20 20 20 30 2E 30 0D 41 20 20 20 20 33 35 30 2E       0.0.A    350.
30 0D 30 20 20 20 20 20 20 36 2E 35 0D 34 20 20    0.0      6.5.4  
20 20 33 34 33 2E 35 0D 31 20 20 20 20 20 20 30      343.5.1      0
2E 30 0D 32 20 20 20 20 20 20 20 30 0D 42 83 0D    .0.2       0.B..
43 32 30 F4 20 30 32 F3 20 32 30 32 33 F2 20 4D    C20. 02. 2023. M
4F 4E 20 30 39 3A 31 38 41 4D 0D 56 31 0D 0A 46    ON 09:18AM.V1..F
20 20 20 20 20 20 30 2E 30 0D 48 20 20 20 20 20          0.0.H     
20 30 2E 30 0D 51 20 20 20 20 20 20 30 2E 30 0D     0.0.Q      0.0.
58 20 20 20 20 20 20 30 2E 30 0D 41 20 20 20 20    X      0.0.A    
33 35 30 2E 30 0D 30 20 20 20 20 20 20 36 2E 35    350.0.0      6.5
0D 34 20 20 20 20 33 34 33 2E 35 0D 31 20 20 20    .4    343.5.1   
20 20 20 30 2E 30 0D 32 20 20 20 20 20 20 20 30       0.0.2       0
0D 42 81 0D 43 32 30 F4 20 30 32 F3 20 32 30 32    .B..C20. 02. 202
33 F2 20 4D 4F 4E 20 30 39 3A 31 38 41 4D 0D 56    3. MON 09:18AM.V
31 0D 0A 46 20 20 20 20 20 20 30 2E 30 0D 48 20    1..F      0.0.H 
20 20 20 20 20 30 2E 30 0D 51 20 20 20 20 20 20         0.0.Q      
30 2E 30 0D 58 20 20 20 20 20 20 30 2E 30 0D 41    0.0.X      0.0.A
20 20 20 20 33 35 30 2E 30 0D 30 20 20 20 20 20        350.0.0     
20 36 2E 35 0D 34 20 20 20 20 33 34 33 2E 35 0D     6.5.4    343.5.
31 20 20 20 20 20 20 30 2E 30 0D 32 20 20 20 20    1      0.0.2    
20 20 20 30 0D 42 81 0D 43 32 30 F4 20 30 32 F3       0.B..C20. 02.
20 32 30 32 33 F2 20 4D 4F 4E 20 30 39 3A 31 38     2023. MON 09:18
41 4D 0D 56 31 0D 0A 46 20 20 20 20 20 20 30 2E    AM.V1..F      0.
30 0D 48 20 20 20 20 20 20 30 2E 30 0D 51 20 20    0.H      0.0.Q  
20 20 20 20 30 2E 30 0D 58 20 20 20 20 20 20 30        0.0.X      0
2E 30 0D 41 20 20 20 20 33 35 30 2E 30 0D 30 20    .0.A    350.0.0 
20 20 20 20 20 37 2E 30 0D 34 20 20 20 20 33 34         7.0.4    34
33 2E 35 0D 31 20 20 20 20 20 20 30 2E 30 0D 32    3.5.1      0.0.2
20 20 20 20 20 20 20 30 0D 42 83 0D 43 32 30 F4           0.B..C20.
20 30 32 F3 20 32 30 32 33 F2 20 4D 4F 4E 20 30     02. 2023. MON 0
39 3A 31 38 41 4D 0D 56 31 0D 0A 46 20 20 20 20    9:18AM.V1..F    
20 20 30 2E 30 0D 48 20 20 20 20 20 20 30 2E 30      0.0.H      0.0
0D 51 20 20 20 20 20 20 30 2E 30 0D 58 20 20 20    .Q      0.0.X   
20 20 20 30 2E 30 0D 41 20 20 20 20 33 35 30 2E       0.0.A    350.
30 0D 30 20 20 20 20 20 20 37 2E 30 0D 34 20 20    0.0      7.0.4  
20 20 33 34 33 2E 35 0D 31 20 20 20 20 20 20 30      343.5.1      0
2E 30 0D 32 20 20 20 20 20 20 20 30 0D 42 83 0D    .0.2       0.B..
43 32 30 F4 20 30 32 F3 20 32 30 32 33 F2 20 4D    C20. 02. 2023. M
4F 4E 20 30 39 3A 31 38 41 4D 0D 56 31 0D 0A 46    ON 09:18AM.V1..F
20 20 20 20 20 20 30 2E 30 0D 48 20 20 20 20 20          0.0.H     
20 30 2E 30 0D 51 20 20 20 20 20 20 30 2E 30 0D     0.0.Q      0.0.
58 20 20 20 20 20 20 30 2E 30 0D 41 20 20 20 20    X      0.0.A    
33 35 30 2E 30 0D 30 20 20 20 20 20 20 37 2E 30    350.0.0      7.0
0D 34 20 20 20 20 33 34 33 2E 35 0D 31 20 20 20    .4    343.5.1   
20 20 20 30 2E 30 0D 32 20 20 20 20 20 20 20 30       0.0.2       0
0D 42 83 0D 43 32 30 F4 20 30 32 F3 20 32 30 32    .B..C20. 02. 202
33 F2 20 4D 4F 4E 20 30 39 3A 31 38 41 4D 0D 56    3. MON 09:18AM.V
31 0D 0A 46 20 20 20 20 20 20 30 2E 30 0D 48 20    1..F      0.0.H 
20 20 20 20 20 30 2E 30 0D 51 20 20 20 20 20 20         0.0.Q      
30 2E 30 0D 58 20 20 20 20 20 20 30 2E 30 0D 41    0.0.X      0.0.A
20 20 20 20 33 35 30 2E 30 0D 30 20 20 20 20 20        350.0.0     
20 37 2E 30 0D 34 20 20 20 20 33 34 33 2E 35 0D     7.0.4    343.5.
31 20 20 20 20 20 20 30 2E 30 0D 32 20 20 20 20    1      0.0.2    
20 20 20 30 0D 42 83 0D 43 32 30 F4 20 30 32 F3       0.B..C20. 02.
20 32 30 32 33 F2 20 4D 4F 4E 20 30 39 3A 31 38     2023. MON 09:18
41 4D 0D 56 31 0D 0A 46 20 20 20 20 20 20 30 2E    AM.V1..F      0.
30 0D 48 20 20 20 20 20 20 30 2E 30 0D 51 20 20    0.H      0.0.Q  
20 20 20 20 30 2E 30 0D 58 20 20 20 20 20 20 30        0.0.X      0
2E 30 0D 41 20 20 20 20 33 35 30 2E 30 0D 30 20    .0.A    350.0.0 
20 20 20 20 20 37 2E 30 0D 34 20 20 20 20 33 34         7.0.4    34
33 2E 35 0D 31 20 20 20 20 20 20 30 2E 30 0D 32    3.5.1      0.0.2
20 20 20 20 20 20 20 30 0D 42 83 0D 43 32 30 F4           0.B..C20.
20 30 32 F3 20 32 30 32 33 F2 20 4D 4F 4E 20 30     02. 2023. MON 0
39 3A 31 38 41 4D 0D 56 31 0D 0A 46 20 20 20 20    9:18AM.V1..F    
20 20 30 2E 30 0D 48 20 20 20 20 20 20 30 2E 30      0.0.H      0.0
0D 51 20 20 20 20 20 20 30 2E 30 0D 58 20 20 20    .Q      0.0.X   
20 20 20 30 2E 30 0D 41 20 20 20 20 33 35 30 2E       0.0.A    350.
30 0D 30 20 20 20 20 20 20 37 2E 30 0D 34 20 20    0.0      7.0.4  
20 20 33 34 33 2E 35 0D 31 20 20 20 20 20 20 30      343.5.1      0
2E 30 0D 32 20 20 20 20 20 20 20 30 0D 42 83 0D    .0.2       0.B..
43 32 30 F4 20 30 32 F3 20 32 30 32 33 F2 20 4D    C20. 02. 2023. M
4F 4E 20 30 39 3A 31 38 41 4D 0D 56 31 0D 0A 46    ON 09:18AM.V1..F
20 20 20 20 20 20 30 2E 30 0D 48 20 20 20 20 20          0.0.H     
20 30 2E 30 0D 51 20 20 20 20 20 20 30 2E 30 0D     0.0.Q      0.0.
58 20 20 20 20 20 20 30 2E 30 0D 41 20 20 20 20    X      0.0.A    
33 35 30 2E 30 0D 30 20 20 20 20 20 20 37 2E 30    350.0.0      7.0
0D 34 20 20 20 20 33 34 33 2E 35 0D 31 20 20 20    .4    343.5.1   
20 20 20 30 2E 30 0D 32 20 20 20 20 20 20 20 30       0.0.2       0
0D 42 83 0D 43 32 30 F4 20 30 32 F3 20 32 30 32    .B..C20. 02. 202
33 F2 20 4D 4F 4E 20 30 39 3A 31 38 41 4D 0D 56    3. MON 09:18AM.V
31 0D 0A 46 20 20 20 20 20 20 30 2E 30 0D 48 20    1..F      0.0.H 
20 20 20 20 20 30 2E 30 0D 51 20 20 20 20 20 20         0.0.Q      
30 2E 30 0D 58 20 20 20 20 20 20 30 2E 30 0D 41    0.0.X      0.0.A
20 20 20 20 33 35 30 2E 30 0D 30 20 20 20 20 20        350.0.0     
20 37 2E 30 0D 34 20 20 20 20 33 34 33 2E 35 0D     7.0.4    343.5.
31 20 20 20 20 20 20 30 2E 30 0D 32 20 20 20 20    1      0.0.2    
20 20 20 30 0D 42 83 0D 43 32 30 F4 20 30 32 F3       0.B..C20. 02.
20 32 30 32 33 F2 20 4D 4F 4E 20 30 39 3A 31 38     2023. MON 09:18
41 4D 0D 56 31 0D 0A 46 20 20 20 20 20 20 30 2E    AM.V1..F      0.
30 0D 48 20 20 20 20 20 20 30 2E 30 0D 51 20 20    0.H      0.0.Q  
20 20 20 20 30 2E 30 0D 58 20 20 20 20 20 20 30        0.0.X      0
2E 30 0D 41 20 20 20 20 33 35 30 2E 35 0D 30 20    .0.A    350.5.0 
20 20 20 20 20 37 2E 30 0D 34 20 20 20 20 33 34         7.0.4    34
33 2E 35 0D 31 20 20 20 20 20 20 30 2E 30 0D 32    3.5.1      0.0.2
20 20 20 20 20 20 20 30 0D 42 83 0D 43 32 30 F4           0.B..C20.
20 30 32 F3 20 32 30 32 33 F2 20 4D 4F 4E 20 30     02. 2023. MON 0
39 3A 31 38 41 4D 0D 56 31 0D 0A 46 20 20 20 20    9:18AM.V1..F    
20 20 30 2E 30 0D 48 20 20 20 20 20 20 30 2E 30      0.0.H      0.0
0D 51 20 20 20 20 20 20 30 2E 30 0D 58 20 20 20    .Q      0.0.X   
20 20 20 30 2E 30 0D 41 20 20 20 20 33 35 30 2E       0.0.A    350.
35 0D 30 20 20 20 20 20 20 37 2E 30 0D 34 20 20    5.0      7.0.4  
20 20 33 34 33 2E 35 0D 31 20 20 20 20 20 20 30      343.5.1      0
2E 30 0D 32 20 20 20 20 20 20 20 30 0D 42 81 0D    .0.2       0.B..
43 32 30 F4 20 30 32 F3 20 32 30 32 33 F2 20 4D    C20. 02. 2023. M
4F 4E 20 30 39 3A 31 38 41 4D 0D 56 31 0D 0A 46    ON 09:18AM.V1..F
20 20 20 20 20 20 30 2E 30 0D 48 20 20 20 20 20          0.0.H     
20 30 2E 30 0D 51 20 20 20 20 20 20 30 2E 30 0D     0.0.Q      0.0.
58 20 20 20 20 20 20 30 2E 30 0D 41 20 20 20 20    X      0.0.A    
33 35 30 2E 35 0D 30 20 20 20 20 20 20 37 2E 30    350.5.0      7.0
0D 34 20 20 20 20 33 34 33 2E 35 0D 31 20 20 20    .4    343.5.1   
20 20 20 30 2E 30 0D 32 20 20 20 20 20 20 20 30       0.0.2       0
0D 42 81 0D 43 32 30 F4 20 30 32 F3 20 32 30 32    .B..C20. 02. 202
33 F2 20 4D 4F 4E 20 30 39 3A 31 38 41 4D 0D 56    3. MON 09:18AM.V
31 0D 0A 46 20 20 20 20 20 20 30 2E 30 0D 48 20    1..F      0.0.H 
20 20 20 20 20 30 2E 30 0D 51 20 20 20 20 20 20         0.0.Q      
30 2E 30 0D 58 20 20 20 20 20 20 30 2E 30 0D 41    0.0.X      0.0.A
20 20 20 20 33 35 30 2E 35 0D 30 20 20 20 20 20        350.5.0     
20 37 2E 30 0D 34 20 20 20 20 33 34 33 2E 35 0D     7.0.4    343.5.
31 20 20 20 20 20 20 30 2E 30 0D 32 20 20 20 20    1      0.0.2    
20 20 20 30 0D 42 83 0D 43 32 30 F4 20 30 32 F3       0.B..C20. 02.
20 32 30 32 33 F2 20 4D 4F 4E 20 30 39 3A 31 38     2023. MON 09:18
41 4D 0D 56 31 0D 0A 46 20 20 20 20 20 20 30 2E    AM.V1..F      0.
30 0D 48 20 20 20 20 20 20 30 2E 30 0D 51 20 20    0.H      0.0.Q  
20 20 20 20 30 2E 30 0D 58 20 20 20 20 20 20 30        0.0.X      0
2E 30 0D 41 20 20 20 20 33 35 30 2E 35 0D 30 20    .0.A    350.5.0 
20 20 20 20 20 37 2E 30 0D 34 20 20 20 20 33 34         7.0.4    34
33 2E 35 0D 31 20 20 20 20 20 20 30 2E 30 0D 32    3.5.1      0.0.2
20 20 20 20 20 20 20 30 0D 42 83 0D 43 32 30 F4           0.B..C20.
20 30 32 F3 20 32 30 32 33 F2 20 4D 4F 4E 20 30     02. 2023. MON 0
39 3A 31 38 41 4D 0D 56 31 0D 0A 46 20 20 20 20    9:18AM.V1..F    
20 20 30 2E 30 0D 48 20 20 20 20 20 20 30 2E 30      0.0.H      0.0
0D 51 20 20 20 20 20 20 30 2E 30 0D 58 20 20 20    .Q      0.0.X   
20 20 20 30 2E 30 0D 41 20 20 20 20 33 35 30 2E       0.0.A    350.
35 0D 30 20 20 20 20 20 20 37 2E 30 0D 34 20 20    5.0      7.0.4  
20 20 33 34 33 2E 35 0D 31 20 20 20 20 20 20 30      343.5.1      0
2E 30 0D 32 20 20 20 20 20 20 20 30 0D 42 83 0D    .0.2       0.B..
43 32 30 F4 20 30 32 F3 20 32 30 32 33 F2 20 4D    C20. 02. 2023. M
4F 4E 20 30 39 3A 31 38 41 4D 0D 56 31 0D 0A 46    ON 09:18AM.V1..F
20 20 20 20 20 20 30 2E 30 0D 48 20 20 20 20 20          0.0.H     
20 30 2E 30 0D 51 20 20 20 20 20 20 30 2E 30 0D     0.0.Q      0.0.
58 20 20 20 20 20 20 30 2E 30 0D 41 20 20 20 20    X      0.0.A    
33 35 30 2E 35 0D 30 20 20 20 20 20 20 37 2E 30    350.5.0      7.0
0D 34 20 20 20 20 33 34 33 2E 35 0D 31 20 20 20    .4    343.5.1   
20 20 20 30 2E 30 0D 32 20 20 20 20 20 20 20 30       0.0.2       0
0D 42 83 0D 43 32 30 F4 20 30 32 F3 20 32 30 32    .B..C20. 02. 202
33 F2 20 4D 4F 4E 20 30 39 3A 31 38 41 4D 0D 56    3. MON 09:18AM.V
31 0D 0A 46 20 20 20 20 20 20 30 2E 30 0D 48 20    1..F      0.0.H 
20 20 20 20 20 30 2E 30 0D 51 20 20 20 20 20 20         0.0.Q      
30 2E 30 0D 58 20 20 20 20 20 20 30 2E 30 0D 41    0.0.X      0.0.A
20 20 20 20 33 35 30 2E 35 0D 30 20 20 20 20 20        350.5.0     
20 37 2E 30 0D 34 20 20 20 20 33 34 33 2E 35 0D     7.0.4    343.5.
31 20 20 20 20 20 20 30 2E 30 0D 32 20 20 20 20    1      0.0.2    
20 20 20 30 0D 42 83 0D 43 32 30 F4 20 30 32 F3       0.B..C20. 02.
20 32 30 32 33 F2 20 4D 4F 4E 20 30 39 3A 31 38     2023. MON 09:18
41 4D 0D 56 31 0D 0A 46 20 20 20 20 20 20 30 2E    AM.V1..F      0.
30 0D 48 20 20 20 20 20 20 30 2E 30 0D 51 20 20    0.H      0.0.Q  
20 20 20 20 30 2E 30 0D 58 20 20 20 20 20 20 30        0.0.X      0
2E 30 0D 41 20 20 20 20 33 35 30 2E 35 0D 30 20    .0.A    350.5.0 
20 20 20 20 20 37 2E 30 0D 34 20 20 20 20 33 34         7.0.4    34
33 2E 35 0D 31 20 20 20 20 20 20 30 2E 30 0D 32    3.5.1      0.0.2
20 20 20 20 20 20 20 30 0D 42 83 0D 43 32 30 F4           0.B..C20.
20 30 32 F3 20 32 30 32 33 F2 20 4D 4F 4E 20 30     02. 2023. MON 0
39 3A 31 38 41 4D 0D 56 31 0D 0A 46 20 20 20 20    9:18AM.V1..F    
20 20 30 2E 30 0D 48 20 20 20 20 20 20 30 2E 30      0.0.H      0.0
0D 51 20 20 20 20 20 20 30 2E 30 0D 58 20 20 20    .Q      0.0.X   
20 20 20 30 2E 30 0D 41 20 20 20 20 33 35 30 2E       0.0.A    350.
35 0D 30 20 20 20 20 20 20 37 2E 35 0D 34 20 20    5.0      7.5.4  
20 20 33 34 33 2E 35 0D 31 20 20 20 20 20 20 30      343.5.1      0
2E 30 0D 32 20 20 20 20 20 20 20 30 0D 42 83 0D    .0.2       0.B..
43 32 30 F4 20 30 32 F3 20 32 30 32 33 F2 20 4D    C20. 02. 2023. M
4F 4E 20 30 39 3A 31 38 41 4D 0D 56 31 0D 0A 46    ON 09:18AM.V1..F
20 20 20 20 20 20 30 2E 30 0D 48 20 20 20 20 20          0.0.H     
20 30 2E 30 0D 51 20 20 20 20 20 20 30 2E 30 0D     0.0.Q      0.0.
58 20 20 20 20 20 20 30 2E 30 0D 41 20 20 20 20    X      0.0.A    
33 35 30 2E 35 0D 30 20 20 20 20 20 20 37 2E 35    350.5.0      7.5
0D 34 20 20 20 20 33 34 33 2E 35 0D 31 20 20 20    .4    343.5.1   
20 20 20 30 2E 30 0D 32 20 20 20 20 20 20 20 30       0.0.2       0
0D 42 83 0D 43 32 30 F4 20 30 32 F3 20 32 30 32    .B..C20. 02. 202
33 F2 20 4D 4F 4E 20 30 39 3A 31 38 41 4D 0D 56    3. MON 09:18AM.V
31 0D 0A 46 20 20 20 20 20 20 30 2E 30 0D 48 20    1..F      0.0.H 
20 20 20 20 20 30 2E 30 0D 51 20 20 20 20 20 20         0.0.Q      
30 2E 30 0D 58 20 20 20 20 20 20 30 2E 30 0D 41    0.0.X      0.0.A
20 20 20 20 33 35 30 2E 35 0D 30 20 20 20 20 20        350.5.0     
20 37 2E 35 0D 34 20 20 20 20 33 34 33 2E 35 0D     7.5.4    343.5.
31 20 20 20 20 20 20 30 2E 30 0D 32 20 20 20 20    1      0.0.2    
20 20 20 30 0D 42 83 0D 43 32 30 F4 20 30 32 F3       0.B..C20. 02.
20 32 30 32 33 F2 20 4D 4F 4E 20 30 39 3A 31 38     2023. MON 09:18
41 4D 0D 56 31 0D 0A 46 20 20 20 20 20 20 30 2E    AM.V1..F      0.
30 0D 48 20 20 20 20 20 20 30 2E 30 0D 51 20 20    0.H      0.0.Q  
20 20 20 20 30 2E 30 0D 58 20 20 20 20 20 20 30        0.0.X      0
2E 30 0D 41 20 20 20 20 33 35 30 2E 35 0D 30 20    .0.A    350.5.0 
20 20 20 20 20 37 2E 35 0D 34 20 20 20 20 33 34         7.5.4    34
33 2E 35 0D 31 20 20 20 20 20 20 30 2E 30 0D 32    3.5.1      0.0.2
20 20 20 20 20 20 20 30 0D 42 83 0D 43 32 30 F4           0.B..C20.
20 30 32 F3 20 32 30 32 33 F2 20 4D 4F 4E 20 30     02. 2023. MON 0
39 3A 31 38 41 4D 0D 56 31 0D 0A 46 20 20 20 20    9:18AM.V1..F    
20 20 30 2E 30 0D 48 20 20 20 20 20 20 30 2E 30      0.0.H      0.0
0D 51 20 20 20 20 20 20 30 2E 30 0D 58 20 20 20    .Q      0.0.X   
20 20 20 30 2E 30 0D 41 20 20 20 20 33 35 30 2E       0.0.A    350.
35 0D 30 20 20 20 20 20 20 37 2E 35 0D 34 20 20    5.0      7.5.4  
20 20 33 34 33 2E 35 0D 31 20 20 20 20 20 20 30      343.5.1      0
2E 30 0D 32 20 20 20 20 20 20 20 30 0D 42 83 0D    .0.2       0.B..
43 32 30 F4 20 30 32 F3 20 32 30 32 33 F2 20 4D    C20. 02. 2023. M
4F 4E 20 30 39 3A 31 38 41 4D 0D 56 31 0D 0A 46    ON 09:18AM.V1..F
20 20 20 20 20 20 30 2E 30 0D 48 20 20 20 20 20          0.0.H     
20 30 2E 30 0D 51 20 20 20 20 20 20 30 2E 30 0D     0.0.Q      0.0.
58 20 20 20 20 20 20 30 2E 30 0D 41 20 20 20 20    X      0.0.A    
33 35 30 2E 35 0D 30 20 20 20 20 20 20 37 2E 35    350.5.0      7.5
0D 34 20 20 20 20 33 34 33 2E 35 0D 31 20 20 20    .4    343.5.1   
20 20 20 30 2E 30 0D 32 20 20 20 20 20 20 20 30       0.0.2       0
0D 42 83 0D 43 32 30 F4 20 30 32 F3 20 32 30 32    .B..C20. 02. 202
33 F2 20 4D 4F 4E 20 30 39 3A 31 38 41 4D 0D 56    3. MON 09:18AM.V
31 0D 0A 46 20 20 20 20 20 20 30 2E 30 0D 48 20    1..F      0.0.H 
20 20 20 20 20 30 2E 30 0D 51 20 20 20 20 20 20         0.0.Q      
30 2E 30 0D 58 20 20 20 20 20 20 30 2E 30 0D 41    0.0.X      0.0.A
20 20 20 20 33 35 31 2E 30 0D 30 20 20 20 20 20        351.0.0     
20 37 2E 35 0D 34 20 20 20 20 33 34 33 2E 35 0D     7.5.4    343.5.
31 20 20 20 20 20 20 30 2E 30 0D 32 20 20 20 20    1      0.0.2    
20 20 20 30 0D 42 83 0D 43 32 30 F4 20 30 32 F3       0.B..C20. 02.
20 32 30 32 33 F2 20 4D 4F 4E 20 30 39 3A 31 38     2023. MON 09:18
41 4D 0D 56 31 0D 0A 46 20 20 20 20 20 20 30 2E    AM.V1..F      0.
30 0D 48 20 20 20 20 20 20 30 2E 30 0D 51 20 20    0.H      0.0.Q  
20 20 20 20 30 2E 30 0D 58 20 20 20 20 20 20 30        0.0.X      0
2E 30 0D 41 20 20 20 20 33 35 31 2E 30 0D 30 20    .0.A    351.0.0 
20 20 20 20 20 37 2E 35 0D 34 20 20 20 20 33 34         7.5.4    34
33 2E 35 0D 31 20 20 20 20 20 20 30 2E 30 0D 32    3.5.1      0.0.2
20 20 20 20 20 20 20 30 0D 42 83 0D 43 32 30 F4           0.B..C20.
20 30 32 F3 20 32 30 32 33 F2 20 4D 4F 4E 20 30     02. 2023. MON 0
39 3A 31 38 41 4D 0D 56 31 0D 0A 46 20 20 20 20    9:18AM.V1..F    
20 20 30 2E 30 0D 48 20 20 20 20 20 20 30 2E 30      0.0.H      0.0
0D 51 20 20 20 20 20 20 30 2E 30 0D 58 20 20 20    .Q      0.0.X   
20 20 20 30 2E 30 0D 41 20 20 20 20 33 35 31 2E       0.0.A    351.
30 0D 30 20 20 20 20 20 20 37 2E 35 0D 34 20 20    0.0      7.5.4  
20 20 33 34 33 2E 35 0D 31 20 20 20 20 20 20 30      343.5.1      0
2E 30 0D 32 20 20 20 20 20 20 20 30 0D 42 83 0D    .0.2       0.B..
43 32 30 F4 20 30 32 F3 20 32 30 32 33 F2 20 4D    C20. 02. 2023. M
4F 4E 20 30 39 3A 31 38 41 4D 0D 56 31 0D 0A 46    ON 09:18AM.V1..F
20 20 20 20 20 20 30 2E 30 0D 48 20 20 20 20 20          0.0.H     
20 30 2E 30 0D 51 20 20 20 20 20 20 30 2E 30 0D     0.0.Q      0.0.
58 20 20 20 20 20 20 30 2E 30 0D 41 20 20 20 20    X      0.0.A    
33 35 31 2E 30 0D 30 20 20 20 20 20 20 37 2E 35    351.0.0      7.5
0D 34 20 20 20 20 33 34 33 2E 35 0D 31 20 20 20    .4    343.5.1   
20 20 20 30 2E 30 0D 32 20 20 20 20 20 20 20 30       0.0.2       0
0D 42 83 0D 43 32 30 F4 20 30 32 F3 20 32 30 32    .B..C20. 02. 202
33 F2 20 4D 4F 4E 20 30 39 3A 31 38 41 4D 0D 56    3. MON 09:18AM.V
31 0D 0A 46 20 20 20 20 20 20 30 2E 30 0D 48 20    1..F      0.0.H 
20 20 20 20 20 30 2E 30 0D 51 20 20 20 20 20 20         0.0.Q      
30 2E 30 0D 58 20 20 20 20 20 20 30 2E 30 0D 41    0.0.X      0.0.A
20 20 20 20 33 35 31 2E 30 0D 30 20 20 20 20 20        351.0.0     
20 37 2E 35 0D 34 20 20 20 20 33 34 33 2E 35 0D     7.5.4    343.5.
31 20 20 20 20 20 20 30 2E 30 0D 32 20 20 20 20    1      0.0.2    
20 20 20 30 0D 42 83 0D 43 32 30 F4 20 30 32 F3       0.B..C20. 02.
20 32 30 32 33 F2 20 4D 4F 4E 20 30 39 3A 31 38     2023. MON 09:18
41 4D 0D 56 31 0D 0A 46 20 20 20 20 20 20 30 2E    AM.V1..F      0.
30 0D 48 20 20 20 20 20 20 30 2E 30 0D 51 20 20    0.H      0.0.Q  
20 20 20 20 30 2E 30 0D 58 20 20 20 20 20 20 30        0.0.X      0
2E 30 0D 41 20 20 20 20 33 35 31 2E 30 0D 30 20    .0.A    351.0.0 
20 20 20 20 20 37 2E 35 0D 34 20 20 20 20 33 34         7.5.4    34
33 2E 35 0D 31 20 20 20 20 20 20 30 2E 30 0D 32    3.5.1      0.0.2
20 20 20 20 20 20 20 30 0D 42 83 0D 43 32 30 F4           0.B..C20.
20 30 32 F3 20 32 30 32 33 F2 20 4D 4F 4E 20 30     02. 2023. MON 0
39 3A 31 38 41 4D 0D 56 31 0D 0A 46 20 20 20 20    9:18AM.V1..F    
20 20 30 2E 30 0D 48 20 20 20 20 20 20 30 2E 30      0.0.H      0.0
0D 51 20 20 20 20 20 20 30 2E 30 0D 58 20 20 20    .Q      0.0.X   
20 20 20 30 2E 30 0D 41 20 20 20 20 33 35 31 2E       0.0.A    351.
30 0D 30 20 20 20 20 20 20 37 2E 35 0D 34 20 20    0.0      7.5.4  
20 20 33 34 33 2E 35 0D 31 20 20 20 20 20 20 30      343.5.1      0
2E 30 0D 32 20 20 20 20 20 20 20 30 0D 42 83 0D    .0.2       0.B..
43 32 30 F4 20 30 32 F3 20 32 30 32 33 F2 20 4D    C20. 02. 2023. M
4F 4E 20 30 39 3A 31 38 41 4D 0D 56 31 0D 0A 46    ON 09:18AM.V1..F
20 20 20 20 20 20 30 2E 30 0D 48 20 20 20 20 20          0.0.H     
20 30 2E 30 0D 51 20 20 20 20 20 20 30 2E 30 0D     0.0.Q      0.0.
58 20 20 20 20 20 20 30 2E 30 0D 41 20 20 20 20    X      0.0.A    
33 35 31 2E 30 0D 30 20 20 20 20 20 20 37 2E 35    351.0.0      7.5
0D 34 20 20 20 20 33 34 33 2E 35 0D 31 20 20 20    .4    343.5.1   
20 20 20 30 2E 30 0D 32 20 20 20 20 20 20 20 30       0.0.2       0
0D 42 83 0D 43 32 30 F4 20 30 32 F3 20 32 30 32    .B..C20. 02. 202
33 F2 20 4D 4F 4E 20 30 39 3A 31 38 41 4D 0D 56    3. MON 09:18AM.V
31 0D 0A 46 20 20 20 20 20 20 30 2E 30 0D 48 20    1..F      0.0.H 
20 20 20 20 20 30 2E 30 0D 51 20 20 20 20 20 20         0.0.Q      
30 2E 30 0D 58 20 20 20 20 20 20 30 2E 30 0D 41    0.0.X      0.0.A
20 20 20 20 33 35 31 2E 30 0D 30 20 20 20 20 20        351.0.0     
20 37 2E 35 0D 34 20 20 20 20 33 34 33 2E 35 0D     7.5.4    343.5.
31 20 20 20 20 20 20 30 2E 30 0D 32 20 20 20 20    1      0.0.2    
20 20 20 30 0D 42 83 0D 43 32 30 F4 20 30 32 F3       0.B..C20. 02.
20 32 30 32 33 F2 20 4D 4F 4E 20 30 39 3A 31 38     2023. MON 09:18
41 4D 0D 56 31 0D 0A 46 20 20 20 20 20 20 30 2E    AM.V1..F      0.
30 0D 48 20 20 20 20 20 20 30 2E 30 0D 51 20 20    0.H      0.0.Q  
20 20 20 20 30 2E 30 0D 58 20 20 20 20 20 20 30        0.0.X      0
2E 30 0D 41 20 20 20 20 33 35 31 2E 30 0D 30 20    .0.A    351.0.0 
20 20 20 20 20 37 2E 35 0D 34 20 20 20 20 33 34         7.5.4    34
33 2E 35 0D 31 20 20 20 20 20 20 30 2E 30 0D 32    3.5.1      0.0.2
20 20 20 20 20 20 20 30 0D 42 83 0D 43 32 30 F4           0.B..C20.
20 30 32 F3 20 32 30 32 33 F2 20 4D 4F 4E 20 30     02. 2023. MON 0
39 3A 31 38 41 4D 0D 56 31 0D 0A 46 20 20 20 20    9:18AM.V1..F    
20 20 30 2E 30 0D 48 20 20 20 20 20 20 30 2E 30      0.0.H      0.0
0D 51 20 20 20 20 20 20 30 2E 30 0D 58 20 20 20    .Q      0.0.X   
20 20 20 30 2E 30 0D 41 20 20 20 20 33 35 31 2E       0.0.A    351.
30 0D 30 20 20 20 20 20 20 37 2E 35 0D 34 20 20    0.0      7.5.4  
20 20 33 34 33 2E 35 0D 31 20 20 20 20 20 20 30      343.5.1      0
2E 30 0D 32 20 20 20 20 20 20 20 30 0D 42 83 0D    .0.2       0.B..
43 32 30 F4 20 30 32 F3 20 32 30 32 33 F2 20 4D    C20. 02. 2023. M
4F 4E 20 30 39 3A 31 38 41 4D 0D 56 31 0D 0A 46    ON 09:18AM.V1..F
20 20 20 20 20 20 30 2E 30 0D 48 20 20 20 20 20          0.0.H     
20 30 2E 30 0D 51 20 20 20 20 20 20 30 2E 30 0D     0.0.Q      0.0.
58 20 20 20 20 20 20 30 2E 30 0D 41 20 20 20 20    X      0.0.A    
33 35 31 2E 30 0D 30 20 20 20 20 20 20 37 2E 35    351.0.0      7.5
0D 34 20 20 20 20 33 34 33 2E 35 0D 31 20 20 20    .4    343.5.1   
20 20 20 30 2E 30 0D 32 20 20 20 20 20 20 20 30       0.0.2       0
0D 42 83 0D 43 32 30 F4 20 30 32 F3 20 32 30 32    .B..C20. 02. 202
33 F2 20 4D 4F 4E 20 30 39 3A 31 38 41 4D 0D 56    3. MON 09:18AM.V
31 0D 0A 46 20 20 20 20 20 20 30 2E 30 0D 48 20    1..F      0.0.H 
20 20 20 20 20 30 2E 30 0D 51 20 20 20 20 20 20         0.0.Q      
30 2E 30 0D 58 20 20 20 20 20 20 30 2E 30 0D 41    0.0.X      0.0.A
20 20 20 20 33 35 31 2E 30 0D 30 20 20 20 20 20        351.0.0     
20 37 2E 35 0D 34 20 20 20 20 33 34 33 2E 35 0D     7.5.4    343.5.
31 20 20 20 20 20 20 30 2E 30 0D 32 20 20 20 20    1      0.0.2    
20 20 20 30 0D 42 83 0D 43 32 30 F4 20 30 32 F3       0.B..C20. 02.
20 32 30 32 33 F2 20 4D 4F 4E 20 30 39 3A 31 38     2023. MON 09:18
41 4D 0D 56 31 0D 0A 46 20 20 20 20 20 20 30 2E    AM.V1..F      0.
30 0D 48 20 20 20 20 20 20 30 2E 30 0D 51 20 20    0.H      0.0.Q  
20 20 20 20 30 2E 30 0D 58 20 20 20 20 20 20 30        0.0.X      0
2E 30 0D 41 20 20 20 20 33 35 31 2E 30 0D 30 20    .0.A    351.0.0 
20 20 20 20 20 37 2E 35 0D 34 20 20 20 20 33 34         7.5.4    34
33 2E 35 0D 31 20 20 20 20 20 20 30 2E 30 0D 32    3.5.1      0.0.2
20 20 20 20 20 20 20 30 0D 42 83 0D 43 32 30 F4           0.B..C20.
20 30 32 F3 20 32 30 32 33 F2 20 4D 4F 4E 20 30     02. 2023. MON 0
39 3A 31 38 41 4D 0D 56 31 0D 0A 46 20 20 20 20    9:18AM.V1..F    
20 20 30 2E 30 0D 48 20 20 20 20 20 20 30 2E 30      0.0.H      0.0
0D 51 20 20 20 20 20 20 30 2E 30 0D 58 20 20 20    .Q      0.0.X   
20 20 20 30 2E 30 0D 41 20 20 20 20 33 35 31 2E       0.0.A    351.
30 0D 30 20 20 20 20 20 20 38 2E 30 0D 34 20 20    0.0      8.0.4  
20 20 33 34 33 2E 35 0D 31 20 20 20 20 20 20 30      343.5.1      0
2E 30 0D 32 20 20 20 20 20 20 20 30 0D 42 83 0D    .0.2       0.B..
43 32 30 F4 20 30 32 F3 20 32 30 32 33 F2 20 4D    C20. 02. 2023. M
4F 4E 20 30 39 3A 31 38 41 4D 0D 56 31 0D 0A 46    ON 09:18AM.V1..F
20 20 20 20 20 20 30 2E 30 0D 48 20 20 20 20 20          0.0.H     
20 30 2E 30 0D 51 20 20 20 20 20 20 30 2E 30 0D     0.0.Q      0.0.
58 20 20 20 20 20 20 30 2E 30 0D 41 20 20 20 20    X      0.0.A    
33 35 31 2E 30 0D 30 20 20 20 20 20 20 38 2E 30    351.0.0      8.0
0D 34 20 20 20 20 33 34 33 2E 35 0D 31 20 20 20    .4    343.5.1   
20 20 20 30 2E 30 0D 32 20 20 20 20 20 20 20 30       0.0.2       0
0D 42 83 0D 43 32 30 F4 20 30 32 F3 20 32 30 32    .B..C20. 02. 202
33 F2 20 4D 4F 4E 20 30 39 3A 31 38 41 4D 0D 56    3. MON 09:18AM.V
31 0D 0A 46 20 20 20 20 20 20 30 2E 30 0D 48 20    1..F      0.0.H 
20 20 20 20 20 30 2E 30 0D 51 20 20 20 20 20 20         0.0.Q      
30 2E 30 0D 58 20 20 20 20 20 20 30 2E 30 0D 41    0.0.X      0.0.A
20 20 20 20 33 35 31 2E 30 0D 30 20 20 20 20 20        351.0.0     
20 38 2E 30 0D 34 20 20 20 20 33 34 33 2E 35 0D     8.0.4    343.5.
31 20 20 20 20 20 20 30 2E 30 0D 32 20 20 20 20    1      0.0.2    
20 20 20 30 0D 42 83 0D 43 32 30 F4 20 30 32 F3       0.B..C20. 02.
20 32 30 32 33 F2 20 4D 4F 4E 20 30 39 3A 31 38     2023. MON 09:18
41 4D 0D 56 31 0D 0A 46 20 20 20 20 20 20 30 2E    AM.V1..F      0.
30 0D 48 20 20 20 20 20 20 30 2E 30 0D 51 20 20    0.H      0.0.Q  
20 20 20 20 30 2E 30 0D 58 20 20 20 20 20 20 30        0.0.X      0
2E 30 0D 41 20 20 20 20 33 35 31 2E 30 0D 30 20    .0.A    351.0.0 
20 20 20 20 20 38 2E 30 0D 34 20 20 20 20 33 34         8.0.4    34
33 2E 35 0D 31 20 20 20 20 20 20 30 2E 30 0D 32    3.5.1      0.0.2
20 20 20 20 20 20 20 30 0D 42 83 0D 43 32 30 F4           0.B..C20.
20 30 32 F3 20 32 30 32 33 F2 20 4D 4F 4E 20 30     02. 2023. MON 0
39 3A 31 38 41 4D 0D 56 31 0D 0A 46 20 20 20 20    9:18AM.V1..F    
20 20 30 2E 30 0D 48 20 20 20 20 20 20 30 2E 30      0.0.H      0.0
0D 51 20 20 20 20 20 20 30 2E 30 0D 58 20 20 20    .Q      0.0.X   
20 20 20 30 2E 30 0D 41 20 20 20 20 33 35 31 2E       0.0.A    351.
30 0D 30 20 20 20 20 20 20 38 2E 30 0D 34 20 20    0.0      8.0.4  
20 20 33 34 33 2E 35 0D 31 20 20 20 20 20 20 30      343.5.1      0
2E 30 0D 32 20 20 20 20 20 20 20 30 0D 42 83 0D    .0.2       0.B..
43 32 30 F4 20 30 32 F3 20 32 30 32 33 F2 20 4D    C20. 02. 2023. M
4F 4E 20 30 39 3A 31 38 41 4D 0D 56 31 0D 0A 46    ON 09:18AM.V1..F
20 20 20 20 20 20 30 2E 30 0D 48 20 20 20 20 20          0.0.H     
20 30 2E 30 0D 51 20 20 20 20 20 20 30 2E 30 0D     0.0.Q      0.0.
58 20 20 20 20 20 20 30 2E 30 0D 41 20 20 20 20    X      0.0.A    
33 35 31 2E 30 0D 30 20 20 20 20 20 20 38 2E 30    351.0.0      8.0
0D 34 20 20 20 20 33 34 33 2E 35 0D 31 20 20 20    .4    343.5.1   
20 20 20 30 2E 30 0D 32 20 20 20 20 20 20 20 30       0.0.2       0
0D 42 83 0D 43 32 30 F4 20 30 32 F3 20 32 30 32    .B..C20. 02. 202
33 F2 20 4D 4F 4E 20 30 39 3A 31 38 41 4D 0D 56    3. MON 09:18AM.V
31 0D 0A 46 20 20 20 20 20 20 30 2E 30 0D 48 20    1..F      0.0.H 
20 20 20 20 20 30 2E 30 0D 51 20 20 20 20 20 20         0.0.Q      
30 2E 30 0D 58 20 20 20 20 20 20 30 2E 30 0D 41    0.0.X      0.0.A
20 20 20 20 33 35 31 2E 35 0D 30 20 20 20 20 20        351.5.0     
20 38 2E 30 0D 34 20 20 20 20 33 34 33 2E 35 0D     8.0.4    343.5.
31 20 20 20 20 20 20 30 2E 30 0D 32 20 20 20 20    1      0.0.2    
20 20 20 30 0D 42 81 0D 43 32 30 F4 20 30 32 F3       0.B..C20. 02.
20 32 30 32 33 F2 20 4D 4F 4E 20 30 39 3A 31 38     2023. MON 09:18
41 4D 0D 56 31 0D 0A 46 20 20 20 20 20 20 30 2E    AM.V1..F      0.
30 0D 48 20 20 20 20 20 20 30 2E 30 0D 51 20 20    0.H      0.0.Q  
20 20 20 20 30 2E 30 0D 58 20 20 20 20 20 20 30        0.0.X      0
2E 30 0D 41 20 20 20 20 33 35 31 2E 35 0D 30 20    .0.A    351.5.0 
20 20 20 20 20 38 2E 30 0D 34 20 20 20 20 33 34         8.0.4    34
33 2E 35 0D 31 20 20 20 20 20 20 30 2E 30 0D 32    3.5.1      0.0.2
20 20 20 20 20 20 20 30 0D 42 81 0D 43 32 30 F4           0.B..C20.
20 30 32 F3 20 32 30 32 33 F2 20 4D 4F 4E 20 30     02. 2023. MON 0
39 3A 31 38 41 4D 0D 56 31 0D 0A 46 20 20 20 20    9:18AM.V1..F    
20 20 30 2E 30 0D 48 20 20 20 20 20 20 30 2E 30      0.0.H      0.0
0D 51 20 20 20 20 20 20 30 2E 30 0D 58 20 20 20    .Q      0.0.X   
20 20 20 30 2E 30 0D 41 20 20 20 20 33 35 31 2E       0.0.A    351.
35 0D 30 20 20 20 20 20 20 38 2E 30 0D 34 20 20    5.0      8.0.4  
20 20 33 34 33 2E 35 0D 31 20 20 20 20 20 20 30      343.5.1      0
2E 30 0D 32 20 20 20 20 20 20 20 30 0D 42 83 0D    .0.2       0.B..
43 32 30 F4 20 30 32 F3 20 32 30 32 33 F2 20 4D    C20. 02. 2023. M
4F 4E 20 30 39 3A 31 38 41 4D 0D 56 31 0D 0A 46    ON 09:18AM.V1..F
20 20 20 20 20 20 30 2E 30 0D 48 20 20 20 20 20          0.0.H     
20 30 2E 30 0D 51 20 20 20 20 20 20 30 2E 30 0D     0.0.Q      0.0.
58 20 20 20 20 20 20 30 2E 30 0D 41 20 20 20 20    X      0.0.A    
33 35 31 2E 35 0D 30 20 20 20 20 20 20 38 2E 30    351.5.0      8.0
0D 34 20 20 20 20 33 34 33 2E 35 0D 31 20 20 20    .4    343.5.1   
20 20 20 30 2E 30 0D 32 20 20 20 20 20 20 20 30       0.0.2       0
0D 42 83 0D 43 32 30 F4 20 30 32 F3 20 32 30 32    .B..C20. 02. 202
33 F2 20 4D 4F 4E 20 30 39 3A 31 38 41 4D 0D 56    3. MON 09:18AM.V
31 0D 0A 46 20 20 20 20 20 20 30 2E 30 0D 48 20    1..F      0.0.H 
20 20 20 20 20 30 2E 30 0D 51 20 20 20 20 20 20         0.0.Q      
30 2E 30 0D 58 20 20 20 20 20 20 30 2E 30 0D 41    0.0.X      0.0.A
20 20 20 20 33 35 31 2E 35 0D 30 20 20 20 20 20        351.5.0     
20 38 2E 30 0D 34 20 20 20 20 33 34 33 2E 35 0D     8.0.4    343.5.
31 20 20 20 20 20 20 30 2E 30 0D 32 20 20 20 20    1      0.0.2    
20 20 20 30 0D 42 83 0D 43 32 30 F4 20 30 32 F3       0.B..C20. 02.
20 32 30 32 33 F2 20 4D 4F 4E 20 30 39 3A 31 38     2023. MON 09:18
41 4D 0D 56 31 0D 0A 46 20 20 20 20 20 20 30 2E    AM.V1..F      0.
30 0D 48 20 20 20 20 20 20 30 2E 30 0D 51 20 20    0.H      0.0.Q  
20 20 20 20 30 2E 30 0D 58 20 20 20 20 20 20 30        0.0.X      0
2E 30 0D 41 20 20 20 20 33 35 31 2E 35 0D 30 20    .0.A    351.5.0 
20 20 20 20 20 38 2E 30 0D 34 20 20 20 20 33 34         8.0.4    34
33 2E 35 0D 31 20 20 20 20 20 20 30 2E 30 0D 32    3.5.1      0.0.2
20 20 20 20 20 20 20 30 0D 42 83 0D 43 32 30 F4           0.B..C20.
20 30 32 F3 20 32 30 32 33 F2 20 4D 4F 4E 20 30     02. 2023. MON 0
39 3A 31 38 41 4D 0D 56 31 0D 0A 46 20 20 20 20    9:18AM.V1..F    
20 20 30 2E 30 0D 48 20 20 20 20 20 20 30 2E 30      0.0.H      0.0
0D 51 20 20 20 20 20 20 30 2E 30 0D 58 20 20 20    .Q      0.0.X   
20 20 20 30 2E 30 0D 41 20 20 20 20 33 35 31 2E       0.0.A    351.
35 0D 30 20 20 20 20 20 20 38 2E 30 0D 34 20 20    5.0      8.0.4  
20 20 33 34 33 2E 35 0D 31 20 20 20 20 20 20 30      343.5.1      0
2E 30 0D 32 20 20 20 20 20 20 20 30 0D 42 83 0D    .0.2       0.B..
43 32 30 F4 20 30 32 F3 20 32 30 32 33 F2 20 4D    C20. 02. 2023. M
4F 4E 20 30 39 3A 31 38 41 4D 0D 56 31 0D 0A 46    ON 09:18AM.V1..F
20 20 20 20 20 20 30 2E 30 0D 48 20 20 20 20 20          0.0.H     
20 30 2E 30 0D 51 20 20 20 20 20 20 30 2E 30 0D     0.0.Q      0.0.
58 20 20 20 20 20 20 30 2E 30 0D 41 20 20 20 20    X      0.0.A    
33 35 31 2E 35 0D 30 20 20 20 20 20 20 38 2E 30    351.5.0      8.0
0D 34 20 20 20 20 33 34 33 2E 35 0D 31 20 20 20    .4    343.5.1   
20 20 20 30 2E 30 0D 32 20 20 20 20 20 20 20 30       0.0.2       0
0D 42 83 0D 43 32 30 F4 20 30 32 F3 20 32 30 32    .B..C20. 02. 202
33 F2 20 4D 4F 4E 20 30 39 3A 31 38 41 4D 0D 56    3. MON 09:18AM.V
31 0D 0A 46 20 20 20 20 20 20 30 2E 30 0D 48 20    1..F      0.0.H 
20 20 20 20 20 30 2E 30 0D 51 20 20 20 20 20 20         0.0.Q      
30 2E 30 0D 58 20 20 20 20 20 20 30 2E 30 0D 41    0.0.X      0.0.A
20 20 20 20 33 35 31 2E 35 0D 30 20 20 20 20 20        351.5.0     
20 38 2E 30 0D 34 20 20 20 20 33 34 33 2E 35 0D     8.0.4    343.5.
31 20 20 20 20 20 20 30 2E 30 0D 32 20 20 20 20    1      0.0.2    
20 20 20 30 0D 42 83 0D 43 32 30 F4 20 30 32 F3       0.B..C20. 02.
20 32 30 32 33 F2 20 4D 4F 4E 20 30 39 3A 31 38     2023. MON 09:18
41 4D 0D 56 31 0D 0A 46 20 20 20 20 20 20 30 2E    AM.V1..F      0.
30 0D 48 20 20 20 20 20 20 30 2E 30 0D 51 20 20    0.H      0.0.Q  
20 20 20 20 30 2E 30 0D 58 20 20 20 20 20 20 30        0.0.X      0
2E 30 0D 41 20 20 20 20 33 35 31 2E 35 0D 30 20    .0.A    351.5.0 
20 20 20 20 20 38 2E 30 0D 34 20 20 20 20 33 34         8.0.4    34
33 2E 35 0D 31 20 20 20 20 20 20 30 2E 30 0D 32    3.5.1      0.0.2
20 20 20 20 20 20 20 30 0D 42 83 0D 43 32 30 F4           0.B..C20.
20 30 32 F3 20 32 30 32 33 F2 20 4D 4F 4E 20 30     02. 2023. MON 0
39 3A 31 38 41 4D 0D 56 31 0D 0A 46 20 20 20 20    9:18AM.V1..F    
20 20 30 2E 30 0D 48 20 20 20 20 20 20 30 2E 30      0.0.H      0.0
0D 51 20 20 20 20 20 20 30 2E 30 0D 58 20 20 20    .Q      0.0.X   
20 20 20 30 2E 30 0D 41 20 20 20 20 33 35 31 2E       0.0.A    351.
35 0D 30 20 20 20 20 20 20 38 2E 30 0D 34 20 20    5.0      8.0.4  
20 20 33 34 33 2E 35 0D 31 20 20 20 20 20 20 30      343.5.1      0
2E 30 0D 32 20 20 20 20 20 20 20 30 0D 42 83 0D    .0.2       0.B..
43 32 30 F4 20 30 32 F3 20 32 30 32 33 F2 20 4D    C20. 02. 2023. M
4F 4E 20 30 39 3A 31 38 41 4D 0D 56 31 0D 0A 46    ON 09:18AM.V1..F
20 20 20 20 20 20 30 2E 30 0D 48 20 20 20 20 20          0.0.H     
20 30 2E 30 0D 51 20 20 20 20 20 20 30 2E 30 0D     0.0.Q      0.0.
58 20 20 20 20 20 20 30 2E 30 0D 41 20 20 20 20    X      0.0.A    
33 35 31 2E 35 0D 30 20 20 20 20 20 20 38 2E 35    351.5.0      8.5
0D 34 20 20 20 20 33 34 33 2E 35 0D 31 20 20 20    .4    343.5.1   
20 20 20 30 2E 30 0D 32 20 20 20 20 20 20 20 30       0.0.2       0
0D 42 83 0D 43 32 30 F4 20 30 32 F3 20 32 30 32    .B..C20. 02. 202
33 F2 20 4D 4F 4E 20 30 39 3A 31 38 41 4D 0D 56    3. MON 09:18AM.V
31 0D 0A 46 20 20 20 20 20 20 30 2E 30 0D 48 20    1..F      0.0.H 
20 20 20 20 20 30 2E 30 0D 51 20 20 20 20 20 20         0.0.Q      
30 2E 30 0D 58 20 20 20 20 20 20 30 2E 30 0D 41    0.0.X      0.0.A
20 20 20 20 33 35 31 2E 35 0D 30 20 20 20 20 20        351.5.0     
20 38 2E 35 0D 34 20 20 20 20 33 34 33 2E 35 0D     8.5.4    343.5.
31 20 20 20 20 20 20 30 2E 30 0D 32 20 20 20 20    1      0.0.2    
20 20 20 30 0D 42 83 0D 43 32 30 F4 20 30 32 F3       0.B..C20. 02.
20 32 30 32 33 F2 20 4D 4F 4E 20 30 39 3A 31 38     2023. MON 09:18
41 4D 0D 56 31 0D 0A 46 20 20 20 20 20 20 30 2E    AM.V1..F      0.
30 0D 48 20 20 20 20 20 20 30 2E 30 0D 51 20 20    0.H      0.0.Q  
20 20 20 20 30 2E 30 0D 58 20 20 20 20 20 20 30        0.0.X      0
2E 30 0D 41 20 20 20 20 33 35 31 2E 35 0D 30 20    .0.A    351.5.0 
20 20 20 20 20 38 2E 35 0D 34 20 20 20 20 33 34         8.5.4    34
33 2E 35 0D 31 20 20 20 20 20 20 30 2E 30 0D 32    3.5.1      0.0.2
20 20 20 20 20 20 20 30 0D 42 83 0D 43 32 30 F4           0.B..C20.
20 30 32 F3 20 32 30 32 33 F2 20 4D 4F 4E 20 30     02. 2023. MON 0
39 3A 31 38 41 4D 0D 56 31 0D 0A 46 20 20 20 20    9:18AM.V1..F    
20 20 30 2E 30 0D 48 20 20 20 20 20 20 30 2E 30      0.0.H      0.0
0D 51 20 20 20 20 20 20 30 2E 30 0D 58 20 20 20    .Q      0.0.X   
20 20 20 30 2E 30 0D 41 20 20 20 20 33 35 31 2E       0.0.A    351.
35 0D 30 20 20 20 20 20 20 38 2E 35 0D 34 20 20    5.0      8.5.4  
20 20 33 34 33 2E 35 0D 31 20 20 20 20 20 20 30      343.5.1      0
2E 30 0D 32 20 20 20 20 20 20 20 30 0D 42 83 0D    .0.2       0.B..
43 32 30 F4 20 30 32 F3 20 32 30 32 33 F2 20 4D    C20. 02. 2023. M
4F 4E 20 30 39 3A 31 38 41 4D 0D 56 31 0D 0A 46    ON 09:18AM.V1..F
20 20 20 20 20 20 30 2E 30 0D 48 20 20 20 20 20          0.0.H     
20 30 2E 30 0D 51 20 20 20 20 20 20 30 2E 30 0D     0.0.Q      0.0.
58 20 20 20 20 20 20 30 2E 30 0D 41 20 20 20 20    X      0.0.A    
33 35 32 2E 30 0D 30 20 20 20 20 20 20 38 2E 35    352.0.0      8.5
0D 34 20 20 20 20 33 34 33 2E 35 0D 31 20 20 20    .4    343.5.1   
20 20 20 30 2E 30 0D 32 20 20 20 20 20 20 20 30       0.0.2       0
0D 42 83 0D 43 32 30 F4 20 30 32 F3 20 32 30 32    .B..C20. 02. 202
33 F2 20 4D 4F 4E 20 30 39 3A 31 38 41 4D 0D 56    3. MON 09:18AM.V
31 0D 0A 46 20 20 20 20 20 20 30 2E 30 0D 48 20    1..F      0.0.H 
20 20 20 20 20 30 2E 30 0D 51 20 20 20 20 20 20         0.0.Q      
30 2E 30 0D 58 20 20 20 20 20 20 30 2E 30 0D 41    0.0.X      0.0.A
20 20 20 20 33 35 32 2E 30 0D 30 20 20 20 20 20        352.0.0     
20 38 2E 35 0D 34 20 20 20 20 33 34 33 2E 35 0D     8.5.4    343.5.
31 20 20 20 20 20 20 30 2E 30 0D 32 20 20 20 20    1      0.0.2    
20 20 20 30 0D 42 83 0D 43 32 30 F4 20 30 32 F3       0.B..C20. 02.
20 32 30 32 33 F2 20 4D 4F 4E 20 30 39 3A 31 38     2023. MON 09:18
41 4D 0D 56 31 0D 0A 46 20 20 20 20 20 20 30 2E    AM.V1..F      0.
30 0D 48 20 20 20 20 20 20 30 2E 30 0D 51 20 20    0.H      0.0.Q  
20 20 20 20 30 2E 30 0D 58 20 20 20 20 20 20 30        0.0.X      0
2E 30 0D 41 20 20 20 20 33 35 32 2E 30 0D 30 20    .0.A    352.0.0 
20 20 20 20 20 38 2E 35 0D 34 20 20 20 20 33 34         8.5.4    34
33 2E 35 0D 31 20 20 20 20 20 20 30 2E 30 0D 32    3.5.1      0.0.2
20 20 20 20 20 20 20 30 0D 42 83 0D 43 32 30 F4           0.B..C20.
20 30 32 F3 20 32 30 32 33 F2 20 4D 4F 4E 20 30     02. 2023. MON 0
39 3A 31 38 41 4D 0D 56 31 0D 0A 46 20 20 20 20    9:18AM.V1..F    
20 20 30 2E 30 0D 48 20 20 20 20 20 20 30 2E 30      0.0.H      0.0
0D 51 20 20 20 20 20 20 30 2E 30 0D 58 20 20 20    .Q      0.0.X   
20 20 20 30 2E 30 0D 41 20 20 20 20 33 35 32 2E       0.0.A    352.
30 0D 30 20 20 20 20 20 20 38 2E 35 0D 34 20 20    0.0      8.5.4  
20 20 33 34 33 2E 35 0D 31 20 20 20 20 20 20 30      343.5.1      0
2E 30 0D 32 20 20 20 20 20 20 20 30 0D 42 83 0D    .0.2       0.B..
43 32 30 F4 20 30 32 F3 20 32 30 32 33 F2 20 4D    C20. 02. 2023. M
4F 4E 20 30 39 3A 31 38 41 4D 0D 56 31 0D 0A 46    ON 09:18AM.V1..F
20 20 20 20 20 20 30 2E 30 0D 48 20 20 20 20 20          0.0.H     
20 30 2E 30 0D 51 20 20 20 20 20 20 30 2E 30 0D     0.0.Q      0.0.
58 20 20 20 20 20 20 30 2E 30 0D 41 20 20 20 20    X      0.0.A    
33 35 32 2E 30 0D 30 20 20 20 20 20 20 38 2E 35    352.0.0      8.5
0D 34 20 20 20 20 33 34 33 2E 35 0D 31 20 20 20    .4    343.5.1   
20 20 20 30 2E 30 0D 32 20 20 20 20 20 20 20 30       0.0.2       0
0D 42 83 0D 43 32 30 F4 20 30 32 F3 20 32 30 32    .B..C20. 02. 202
33 F2 20 4D 4F 4E 20 30 39 3A 31 38 41 4D 0D 56    3. MON 09:18AM.V
31 0D 0A 46 20 20 20 20 20 20 30 2E 30 0D 48 20    1..F      0.0.H 
20 20 20 20 20 30 2E 30 0D 51 20 20 20 20 20 20         0.0.Q      
30 2E 30 0D 58 20 20 20 20 20 20 30 2E 30 0D 41    0.0.X      0.0.A
20 20 20 20 33 35 32 2E 30 0D 30 20 20 20 20 20        352.0.0     
20 38 2E 35 0D 34 20 20 20 20 33 34 33 2E 35 0D     8.5.4    343.5.
31 20 20 20 20 20 20 30 2E 30 0D 32 20 20 20 20    1      0.0.2    
20 20 20 30 0D 42 83 0D 43 32 30 F4 20 30 32 F3       0.B..C20. 02.
20 32 30 32 33 F2 20 4D 4F 4E 20 30 39 3A 31 38     2023. MON 09:18
41 4D 0D 56 31 0D 0A 46 20 20 20 20 20 20 30 2E    AM.V1..F      0.
30 0D 48 20 20 20 20 20 20 30 2E 30 0D 51 20 20    0.H      0.0.Q  
20 20 20 20 30 2E 30 0D 58 20 20 20 20 20 20 30        0.0.X      0
2E 30 0D 41 20 20 20 20 33 35 32 2E 30 0D 30 20    .0.A    352.0.0 
20 20 20 20 20 38 2E 35 0D 34 20 20 20 20 33 34         8.5.4    34
33 2E 35 0D 31 20 20 20 20 20 20 30 2E 30 0D 32    3.5.1      0.0.2
20 20 20 20 20 20 20 30 0D 42 83 0D 43 32 30 F4           0.B..C20.
20 30 32 F3 20 32 30 32 33 F2 20 4D 4F 4E 20 30     02. 2023. MON 0
39 3A 31 38 41 4D 0D 56 31 0D 0A 46 20 20 20 20    9:18AM.V1..F    
20 20 30 2E 30 0D 48 20 20 20 20 20 20 30 2E 30      0.0.H      0.0
0D 51 20 20 20 20 20 20 30 2E 30 0D 58 20 20 20    .Q      0.0.X   
20 20 20 30 2E 30 0D 41 20 20 20 20 33 35 32 2E       0.0.A    352.
30 0D 30 20 20 20 20 20 20 38 2E 35 0D 34 20 20    0.0      8.5.4  
20 20 33 34 33 2E 35 0D 31 20 20 20 20 20 20 30      343.5.1      0
2E 30 0D 32 20 20 20 20 20 20 20 30 0D 42 83 0D    .0.2       0.B..
43 32 30 F4 20 30 32 F3 20 32 30 32 33 F2 20 4D    C20. 02. 2023. M
4F 4E 20 30 39 3A 31 38 41 4D 0D 56 31 0D 0A 46    ON 09:18AM.V1..F
20 20 20 20 20 20 30 2E 30 0D 48 20 20 20 20 20          0.0.H     
20 30 2E 30 0D 51 20 20 20 20 20 20 30 2E 30 0D     0.0.Q      0.0.
58 20 20 20 20 20 20 30 2E 30 0D 41 20 20 20 20    X      0.0.A    
33 35 32 2E 30 0D 30 20 20 20 20 20 20 38 2E 35    352.0.0      8.5
0D 34 20 20 20 20 33 34 33 2E 35 0D 31 20 20 20    .4    343.5.1   
20 20 20 30 2E 30 0D 32 20 20 20 20 20 20 20 30       0.0.2       0
0D 42 83 0D 43 32 30 F4 20 30 32 F3 20 32 30 32    .B..C20. 02. 202
33 F2 20 4D 4F 4E 20 30 39 3A 31 38 41 4D 0D 56    3. MON 09:18AM.V
31 0D 0A 46 20 20 20 20 20 20 30 2E 30 0D 48 20    1..F      0.0.H 
20 20 20 20 20 30 2E 30 0D 51 20 20 20 20 20 20         0.0.Q      
30 2E 30 0D 58 20 20 20 20 20 20 30 2E 30 0D 41    0.0.X      0.0.A
20 20 20 20 33 35 32 2E 30 0D 30 20 20 20 20 20        352.0.0     
20 38 2E 35 0D 34 20 20 20 20 33 34 33 2E 35 0D     8.5.4    343.5.
31 20 20 20 20 20 20 30 2E 30 0D 32 20 20 20 20    1      0.0.2    
20 20 20 30 0D 42 83 0D 43 32 30 F4 20 30 32 F3       0.B..C20. 02.
20 32 30 32 33 F2 20 4D 4F 4E 20 30 39 3A 31 38     2023. MON 09:18
41 4D 0D 56 31 0D 0A 46 20 20 20 20 20 20 30 2E    AM.V1..F      0.
30 0D 48 20 20 20 20 20 20 30 2E 30 0D 51 20 20    0.H      0.0.Q  
20 20 20 20 30 2E 30 0D 58 20 20 20 20 20 20 30        0.0.X      0
2E 30 0D 41 20 20 20 20 33 35 32 2E 30 0D 30 20    .0.A    352.0.0 
20 20 20 20 20 38 2E 35 0D 34 20 20 20 20 33 34         8.5.4    34
33 2E 35 0D 31 20 20 20 20 20 20 30 2E 30 0D 32    3.5.1      0.0.2
20 20 20 20 20 20 20 30 0D 42 83 0D 43 32 30 F4           0.B..C20.
20 30 32 F3 20 32 30 32 33 F2 20 4D 4F 4E 20 30     02. 2023. MON 0
39 3A 31 38 41 4D 0D 56 31 0D 0A 46 20 20 20 20    9:18AM.V1..F    
20 20 30 2E 30 0D 48 20 20 20 20 20 20 30 2E 30      0.0.H      0.0
0D 51 20 20 20 20 20 20 30 2E 30 0D 58 20 20 20    .Q      0.0.X   
20 20 20 30 2E 30 0D 41 20 20 20 20 33 35 32 2E       0.0.A    352.
30 0D 30 20 20 20 20 20 20 38 2E 35 0D 34 20 20    0.0      8.5.4  
20 20 33 34 33 2E 35 0D 31 20 20 20 20 20 20 30      343.5.1      0
2E 30 0D 32 20 20 20 20 20 20 20 30 0D 42 83 0D    .0.2       0.B..
43 32 30 F4 20 30 32 F3 20 32 30 32 33 F2 20 4D    C20. 02. 2023. M
4F 4E 20 30 39 3A 31 38 41 4D 0D 56 31 0D 0A 46    ON 09:18AM.V1..F
20 20 20 20 20 20 30 2E 30 0D 48 20 20 20 20 20          0.0.H     
20 30 2E 30 0D 51 20 20 20 20 20 20 30 2E 30 0D     0.0.Q      0.0.
58 20 20 20 20 20 20 30 2E 30 0D 41 20 20 20 20    X      0.0.A    
33 35 32 2E 30 0D 30 20 20 20 20 20 20 38 2E 35    352.0.0      8.5
0D 34 20 20 20 20 33 34 33 2E 35 0D 31 20 20 20    .4    343.5.1   
20 20 20 30 2E 30 0D 32 20 20 20 20 20 20 20 30       0.0.2       0
0D 42 83 0D 43 32 30 F4 20 30 32 F3 20 32 30 32    .B..C20. 02. 202
33 F2 20 4D 4F 4E 20 30 39 3A 31 38 41 4D 0D 56    3. MON 09:18AM.V
31 0D 0A 46 20 20 20 20 20 20 30 2E 30 0D 48 20    1..F      0.0.H 
20 20 20 20 20 30 2E 30 0D 51 20 20 20 20 20 20         0.0.Q      
30 2E 30 0D 58 20 20 20 20 20 20 30 2E 30 0D 41    0.0.X      0.0.A
20 20 20 20 33 35 32 2E 30 0D 30 20 20 20 20 20        352.0.0     
20 39 2E 30 0D 34 20 20 20 20 33 34 33 2E 35 0D     9.0.4    343.5.
31 20 20 20 20 20 20 30 2E 30 0D 32 20 20 20 20    1      0.0.2    
20 20 20 30 0D 42 83 0D 43 32 30 F4 20 30 32 F3       0.B..C20. 02.
20 32 30 32 33 F2 20 4D 4F 4E 20 30 39 3A 31 38     2023. MON 09:18
41 4D 0D 56 31 0D 0A 46 20 20 20 20 20 20 30 2E    AM.V1..F      0.
30 0D 48 20 20 20 20 20 20 30 2E 30 0D 51 20 20    0.H      0.0.Q  
20 20 20 20 30 2E 30 0D 58 20 20 20 20 20 20 30        0.0.X      0
2E 30 0D 41 20 20 20 20 33 35 32 2E 30 0D 30 20    .0.A    352.0.0 
20 20 20 20 20 39 2E 30 0D 34 20 20 20 20 33 34         9.0.4    34
33 2E 35 0D 31 20 20 20 20 20 20 30 2E 30 0D 32    3.5.1      0.0.2
20 20 20 20 20 20 20 30 0D 42 83 0D 43 32 30 F4           0.B..C20.
20 30 32 F3 20 32 30 32 33 F2 20 4D 4F 4E 20 30     02. 2023. MON 0
39 3A 31 38 41 4D 0D 56 31 0D 0A 46 20 20 20 20    9:18AM.V1..F    
20 20 30 2E 30 0D 48 20 20 20 20 20 20 30 2E 30      0.0.H      0.0
0D 51 20 20 20 20 20 20 30 2E 30 0D 58 20 20 20    .Q      0.0.X   
20 20 20 30 2E 30 0D 41 20 20 20 20 33 35 32 2E       0.0.A    352.
35 0D 30 20 20 20 20 20 20 39 2E 30 0D 34 20 20    5.0      9.0.4  
20 20 33 34 33 2E 35 0D 31 20 20 20 20 20 20 30      343.5.1      0
2E 30 0D 32 20 20 20 20 20 20 20 30 0D 42 83 0D    .0.2       0.B..
43 32 30 F4 20 30 32 F3 20 32 30 32 33 F2 20 4D    C20. 02. 2023. M
4F 4E 20 30 39 3A 31 38 41 4D 0D 56 31 0D 0A 46    ON 09:18AM.V1..F
20 20 20 20 20 20 30 2E 30 0D 48 20 20 20 20 20          0.0.H     
20 30 2E 30 0D 51 20 20 20 20 20 20 30 2E 30 0D     0.0.Q      0.0.
58 20 20 20 20 20 20 30 2E 30 0D 41 20 20 20 20    X      0.0.A    
33 35 32 2E 35 0D 30 20 20 20 20 20 20 39 2E 30    352.5.0      9.0
0D 34 20 20 20 20 33 34 33 2E 35 0D 31 20 20 20    .4    343.5.1   
20 20 20 30 2E 30 0D 32 20 20 20 20 20 20 20 30       0.0.2       0
0D 42 83 0D 43 32 30 F4 20 30 32 F3 20 32 30 32    .B..C20. 02. 202
33 F2 20 4D 4F 4E 20 30 39 3A 31 38 41 4D 0D 56    3. MON 09:18AM.V
31 0D 0A 46 20 20 20 20 20 20 30 2E 30 0D 48 20    1..F      0.0.H 
20 20 20 20 20 30 2E 30 0D 51 20 20 20 20 20 20         0.0.Q      
30 2E 30 0D 58 20 20 20 20 20 20 30 2E 30 0D 41    0.0.X      0.0.A
20 20 20 20 33 35 32 2E 35 0D 30 20 20 20 20 20        352.5.0     
20 39 2E 30 0D 34 20 20 20 20 33 34 33 2E 35 0D     9.0.4    343.5.
31 20 20 20 20 20 20 30 2E 30 0D 32 20 20 20 20    1      0.0.2    
20 20 20 30 0D 42 83 0D 43 32 30 F4 20 30 32 F3       0.B..C20. 02.
20 32 30 32 33 F2 20 4D 4F 4E 20 30 39 3A 31 38     2023. MON 09:18
41 4D 0D 56 31 0D 0A 46 20 20 20 20 20 20 30 2E    AM.V1..F      0.
30 0D 48 20 20 20 20 20 20 30 2E 30 0D 51 20 20    0.H      0.0.Q  
20 20 20 20 30 2E 30 0D 58 20 20 20 20 20 20 30        0.0.X      0
2E 30 0D 41 20 20 20 20 33 35 32 2E 35 0D 30 20    .0.A    352.5.0 
20 20 20 20 20 39 2E 30 0D 34 20 20 20 20 33 34         9.0.4    34
33 2E 35 0D 31 20 20 20 20 20 20 30 2E 30 0D 32    3.5.1      0.0.2
20 20 20 20 20 20 20 30 0D 42 83 0D 43 32 30 F4           0.B..C20.
20 30 32 F3 20 32 30 32 33 F2 20 4D 4F 4E 20 30     02. 2023. MON 0
39 3A 31 38 41 4D 0D 56 31 0D 0A 46 20 20 20 20    9:18AM.V1..F    
20 20 30 2E 30 0D 48 20 20 20 20 20 20 30 2E 30      0.0.H      0.0
0D 51 20 20 20 20 20 20 30 2E 30 0D 58 20 20 20    .Q      0.0.X   
20 20 20 30 2E 30 0D 41 20 20 20 20 33 35 32 2E       0.0.A    352.
35 0D 30 20 20 20 20 20 20 39 2E 30 0D 34 20 20    5.0      9.0.4  
20 20 33 34 33 2E 35 0D 31 20 20 20 20 20 20 30      343.5.1      0
2E 30 0D 32 20 20 20 20 20 20 20 30 0D 42 83 0D    .0.2       0.B..
43 32 30 F4 20 30 32 F3 20 32 30 32 33 F2 20 4D    C20. 02. 2023. M
4F 4E 20 30 39 3A 31 38 41 4D 0D 56 31 0D 0A 46    ON 09:18AM.V1..F
20 20 20 20 20 20 30 2E 30 0D 48 20 20 20 20 20          0.0.H     
20 30 2E 30 0D 51 20 20 20 20 20 20 30 2E 30 0D     0.0.Q      0.0.
58 20 20 20 20 20 20 30 2E 30 0D 41 20 20 20 20    X      0.0.A    
33 35 32 2E 35 0D 30 20 20 20 20 20 20 39 2E 30    352.5.0      9.0
0D 34 20 20 20 20 33 34 33 2E 35 0D 31 20 20 20    .4    343.5.1   
20 20 20 30 2E 30 0D 32 20 20 20 20 20 20 20 30       0.0.2       0
0D 42 83 0D 43 32 30 F4 20 30 32 F3 20 32 30 32    .B..C20. 02. 202
33 F2 20 4D 4F 4E 20 30 39 3A 31 38 41 4D 0D 56    3. MON 09:18AM.V
31 0D 0A 46 20 20 20 20 20 20 30 2E 30 0D 48 20    1..F      0.0.H 
20 20 20 20 20 30 2E 30 0D 51 20 20 20 20 20 20         0.0.Q      
30 2E 30 0D 58 20 20 20 20 20 20 30 2E 30 0D 41    0.0.X      0.0.A
20 20 20 20 33 35 32 2E 35 0D 30 20 20 20 20 20        352.5.0     
20 39 2E 30 0D 34 20 20 20 20 33 34 33 2E 35 0D     9.0.4    343.5.
31 20 20 20 20 20 20 30 2E 30 0D 32 20 20 20 20    1      0.0.2    
20 20 20 30 0D 42 83 0D 43 32 30 F4 20 30 32 F3       0.B..C20. 02.
20 32 30 32 33 F2 20 4D 4F 4E 20 30 39 3A 31 38     2023. MON 09:18
41 4D 0D 56 31 0D 0A 46 20 20 20 20 20 20 30 2E    AM.V1..F      0.
30 0D 48 20 20 20 20 20 20 30 2E 30 0D 51 20 20    0.H      0.0.Q  
20 20 20 20 30 2E 30 0D 58 20 20 20 20 20 20 30        0.0.X      0
2E 30 0D 41 20 20 20 20 33 35 32 2E 35 0D 30 20    .0.A    352.5.0 
20 20 20 20 20 39 2E 30 0D 34 20 20 20 20 33 34         9.0.4    34
33 2E 35 0D 31 20 20 20 20 20 20 30 2E 30 0D 32    3.5.1      0.0.2
20 20 20 20 20 20 20 30 0D 42 83 0D 43 32 30 F4           0.B..C20.
20 30 32 F3 20 32 30 32 33 F2 20 4D 4F 4E 20 30     02. 2023. MON 0
39 3A 31 38 41 4D 0D 56 31 0D 0A 46 20 20 20 20    9:18AM.V1..F    
20 20 30 2E 30 0D 48 20 20 20 20 20 20 30 2E 30      0.0.H      0.0
0D 51 20 20 20 20 20 20 30 2E 30 0D 58 20 20 20    .Q      0.0.X   
20 20 20 30 2E 30 0D 41 20 20 20 20 33 35 32 2E       0.0.A    352.
35 0D 30 20 20 20 20 20 20 39 2E 30 0D 34 20 20    5.0      9.0.4  
20 20 33 34 33 2E 35 0D 31 20 20 20 20 20 20 30      343.5.1      0
2E 30 0D 32 20 20 20 20 20 20 20 30 0D 42 83 0D    .0.2       0.B..
43 32 30 F4 20 30 32 F3 20 32 30 32 33 F2 20 4D    C20. 02. 2023. M
4F 4E 20 30 39 3A 31 38 41 4D 0D 56 31 0D 0A 46    ON 09:18AM.V1..F
20 20 20 20 20 20 30 2E 30 0D 48 20 20 20 20 20          0.0.H     
20 30 2E 30 0D 51 20 20 20 20 20 20 30 2E 30 0D     0.0.Q      0.0.
58 20 20 20 20 20 20 30 2E 30 0D 41 20 20 20 20    X      0.0.A    
33 35 32 2E 35 0D 30 20 20 20 20 20 20 39 2E 30    352.5.0      9.0
0D 34 20 20 20 20 33 34 33 2E 35 0D 31 20 20 20    .4    343.5.1   
20 20 20 30 2E 30 0D 32 20 20 20 20 20 20 20 30       0.0.2       0
0D 42 83 0D 43 32 30 F4 20 30 32 F3 20 32 30 32    .B..C20. 02. 202
33 F2 20 4D 4F 4E 20 30 39 3A 31 38 41 4D 0D 56    3. MON 09:18AM.V
31 0D 0A 46 20 20 20 20 20 20 30 2E 30 0D 48 20    1..F      0.0.H 
20 20 20 20 20 30 2E 30 0D 51 20 20 20 20 20 20         0.0.Q      
30 2E 30 0D 58 20 20 20 20 20 20 30 2E 30 0D 41    0.0.X      0.0.A
20 20 20 20 33 35 32 2E 35 0D 30 20 20 20 20 20        352.5.0     
20 39 2E 30 0D 34 20 20 20 20 33 34 33 2E 35 0D     9.0.4    343.5.
31 20 20 20 20 20 20 30 2E 30 0D 32 20 20 20 20    1      0.0.2    
20 20 20 30 0D 42 83 0D 43 32 30 F4 20 30 32 F3       0.B..C20. 02.
20 32 30 32 33 F2 20 4D 4F 4E 20 30 39 3A 31 38     2023. MON 09:18
41 4D 0D 56 31 0D 0A 46 20 20 20 20 20 20 30 2E    AM.V1..F      0.
30 0D 48 20 20 20 20 20 20 30 2E 30 0D 51 20 20    0.H      0.0.Q  
20 20 20 20 30 2E 30 0D 58 20 20 20 20 20 20 30        0.0.X      0
2E 30 0D 41 20 20 20 20 33 35 32 2E 35 0D 30 20    .0.A    352.5.0 
20 20 20 20 20 39 2E 30 0D 34 20 20 20 20 33 34         9.0.4    34
33 2E 35 0D 31 20 20 20 20 20 20 30 2E 30 0D 32    3.5.1      0.0.2
20 20 20 20 20 20 20 30 0D 42 81 0D 43 32 30 F4           0.B..C20.
20 30 32 F3 20 32 30 32 33 F2 20 4D 4F 4E 20 30     02. 2023. MON 0
39 3A 31 38 41 4D 0D 56 31 0D 0A 46 20 20 20 20    9:18AM.V1..F    
20 20 30 2E 30 0D 48 20 20 20 20 20 20 30 2E 30      0.0.H      0.0
0D 51 20 20 20 20 20 20 30 2E 30 0D 58 20 20 20    .Q      0.0.X   
20 20 20 30 2E 30 0D 41 20 20 20 20 33 35 32 2E       0.0.A    352.
35 0D 30 20 20 20 20 20 20 39 2E 30 0D 34 20 20    5.0      9.0.4  
20 20 33 34 33 2E 35 0D 31 20 20 20 20 20 20 30      343.5.1      0
2E 30 0D 32 20 20 20 20 20 20 20 30 0D 42 81 0D    .0.2       0.B..
43 32 30 F4 20 30 32 F3 20 32 30 32 33 F2 20 4D    C20. 02. 2023. M
4F 4E 20 30 39 3A 31 38 41 4D 0D 56 31 0D 0A 46    ON 09:18AM.V1..F
20 20 20 20 20 20 30 2E 30 0D 48 20 20 20 20 20          0.0.H     
20 30 2E 30 0D 51 20 20 20 20 20 20 30 2E 30 0D     0.0.Q      0.0.
58 20 20 20 20 20 20 30 2E 30 0D 41 20 20 20 20    X      0.0.A    
33 35 32 2E 35 0D 30 20 20 20 20 20 20 39 2E 30    352.5.0      9.0
0D 34 20 20 20 20 33 34 33 2E 35 0D 31 20 20 20    .4    343.5.1   
20 20 20 30 2E 30 0D 32 20 20 20 20 20 20 20 30       0.0.2       0
0D 42 83 0D 43 32 30 F4 20 30 32 F3 20 32 30 32    .B..C20. 02. 202
33 F2 20 4D 4F 4E 20 30 39 3A 31 38 41 4D 0D 56    3. MON 09:18AM.V
31 0D 0A 46 20 20 20 20 20 20 30 2E 30 0D 48 20    1..F      0.0.H 
20 20 20 20 20 30 2E 30 0D 51 20 20 20 20 20 20         0.0.Q      
30 2E 30 0D 58 20 20 20 20 20 20 30 2E 30 0D 41    0.0.X      0.0.A
20 20 20 20 33 35 32 2E 35 0D 30 20 20 20 20 20        352.5.0     
20 39 2E 30 0D 34 20 20 20 20 33 34 33 2E 35 0D     9.0.4    343.5.
31 20 20 20 20 20 20 30 2E 30 0D 32 20 20 20 20    1      0.0.2    
20 20 20 30 0D 42 83 0D 43 32 30 F4 20 30 32 F3       0.B..C20. 02.
20 32 30 32 33 F2 20 4D 4F 4E 20 30 39 3A 31 38     2023. MON 09:18
41 4D 0D 56 31 0D 0A 46 20 20 20 20 20 20 30 2E    AM.V1..F      0.
30 0D 48 20 20 20 20 20 20 30 2E 30 0D 51 20 20    0.H      0.0.Q  
20 20 20 20 30 2E 30 0D 58 20 20 20 20 20 20 30        0.0.X      0
2E 30 0D 41 20 20 20 20 33 35 32 2E 35 0D 30 20    .0.A    352.5.0 
20 20 20 20 20 39 2E 35 0D 34 20 20 20 20 33 34         9.5.4    34
33 2E 35 0D 31 20 20 20 20 20 20 30 2E 30 0D 32    3.5.1      0.0.2
20 20 20 20 20 20 20 30 0D 42 83 0D 43 32 30 F4           0.B..C20.
20 30 32 F3 20 32 30 32 33 F2 20 4D 4F 4E 20 30     02. 2023. MON 0
39 3A 31 38 41 4D 0D 56 31 0D 0A 46 20 20 20 20    9:18AM.V1..F    
20 20 30 2E 30 0D 48 20 20 20 20 20 20 30 2E 30      0.0.H      0.0
0D 51 20 20 20 20 20 20 30 2E 30 0D 58 20 20 20    .Q      0.0.X   
20 20 20 30 2E 30 0D 41 20 20 20 20 33 35 32 2E       0.0.A    352.
35 0D 30 20 20 20 20 20 20 39 2E 35 0D 34 20 20    5.0      9.5.4  
20 20 33 34 33 2E 35 0D 31 20 20 20 20 20 20 30      343.5.1      0
2E 30 0D 32 20 20 20 20 20 20 20 30 0D 42 83 0D    .0.2       0.B..
43 32 30 F4 20 30 32 F3 20 32 30 32 33 F2 20 4D    C20. 02. 2023. M
4F 4E 20 30 39 3A 31 38 41 4D 0D 56 31 0D 0A 46    ON 09:18AM.V1..F
20 20 20 20 20 20 30 2E 30 0D 48 20 20 20 20 20          0.0.H     
20 30 2E 30 0D 51 20 20 20 20 20 20 30 2E 30 0D     0.0.Q      0.0.
58 20 20 20 20 20 20 30 2E 30 0D 41 20 20 20 20    X      0.0.A    
33 35 32 2E 35 0D 30 20 20 20 20 20 20 39 2E 35    352.5.0      9.5
0D 34 20 20 20 20 33 34 33 2E 35 0D 31 20 20 20    .4    343.5.1   
20 20 20 30 2E 30 0D 32 20 20 20 20 20 20 20 30       0.0.2       0
0D 42 83 0D 43 32 30 F4 20 30 32 F3 20 32 30 32    .B..C20. 02. 202
33 F2 20 4D 4F 4E 20 30 39 3A 31 38 41 4D 0D 56    3. MON 09:18AM.V
31 0D 0A 46 20 20 20 20 20 20 30 2E 30 0D 48 20    1..F      0.0.H 
20 20 20 20 20 30 2E 30 0D 51 20 20 20 20 20 20         0.0.Q      
30 2E 30 0D 58 20 20 20 20 20 20 30 2E 30 0D 41    0.0.X      0.0.A
20 20 20 20 33 35 32 2E 35 0D 30 20 20 20 20 20        352.5.0     
20 39 2E 35 0D 34 20 20 20 20 33 34 33 2E 35 0D     9.5.4    343.5.
31 20 20 20 20 20 20 30 2E 30 0D 32 20 20 20 20    1      0.0.2    
20 20 20 30 0D 42 83 0D 43 32 30 F4 20 30 32 F3       0.B..C20. 02.
20 32 30 32 33 F2 20 4D 4F 4E 20 30 39 3A 31 38     2023. MON 09:18
41 4D 0D 56 31 0D 0A 46 20 20 20 20 20 20 30 2E    AM.V1..F      0.
30 0D 48 20 20 20 20 20 20 30 2E 30 0D 51 20 20    0.H      0.0.Q  
20 20 20 20 30 2E 30 0D 58 20 20 20 20 20 20 30        0.0.X      0
2E 30 0D 41 20 20 20 20 33 35 32 2E 35 0D 30 20    .0.A    352.5.0 
20 20 20 20 20 39 2E 35 0D 34 20 20 20 20 33 34         9.5.4    34
33 2E 35 0D 31 20 20 20 20 20 20 30 2E 30 0D 32    3.5.1      0.0.2
20 20 20 20 20 20 20 30 0D 42 83 0D 43 32 30 F4           0.B..C20.
20 30 32 F3 20 32 30 32 33 F2 20 4D 4F 4E 20 30     02. 2023. MON 0
39 3A 31 38 41 4D 0D 56 31 0D 0A 46 20 20 20 20    9:18AM.V1..F    
20 20 30 2E 30 0D 48 20 20 20 20 20 20 30 2E 30      0.0.H      0.0
0D 51 20 20 20 20 20 20 30 2E 30 0D 58 20 20 20    .Q      0.0.X   
20 20 20 30 2E 30 0D 41 20 20 20 20 33 35 32 2E       0.0.A    352.
35 0D 30 20 20 20 20 20 20 39 2E 35 0D 34 20 20    5.0      9.5.4  
20 20 33 34 33 2E 35 0D 31 20 20 20 20 20 20 30      343.5.1      0
2E 30 0D 32 20 20 20 20 20 20 20 30 0D 42 83 0D    .0.2       0.B..
43 32 30 F4 20 30 32 F3 20 32 30 32 33 F2 20 4D    C20. 02. 2023. M
4F 4E 20 30 39 3A 31 38 41 4D 0D 56 31 0D 0A 46    ON 09:18AM.V1..F
20 20 20 20 20 20 30 2E 30 0D 48 20 20 20 20 20          0.0.H     
20 30 2E 30 0D 51 20 20 20 20 20 20 30 2E 30 0D     0.0.Q      0.0.
58 20 20 20 20 20 20 30 2E 30 0D 41 20 20 20 20    X      0.0.A    
33 35 33 2E 30 0D 30 20 20 20 20 20 20 39 2E 35    353.0.0      9.5
0D 34 20 20 20 20 33 34 33 2E 35 0D 31 20 20 20    .4    343.5.1   
20 20 20 30 2E 30 0D 32 20 20 20 20 20 20 20 30       0.0.2       0
0D 42 81 0D 43 32 30 F4 20 30 32 F3 20 32 30 32    .B..C20. 02. 202
33 F2 20 4D 4F 4E 20 30 39 3A 31 38 41 4D 0D 56    3. MON 09:18AM.V
31 0D 0A 46 20 20 20 20 20 20 30 2E 30 0D 48 20    1..F      0.0.H 
20 20 20 20 20 30 2E 30 0D 51 20 20 20 20 20 20         0.0.Q      
30 2E 30 0D 58 20 20 20 20 20 20 30 2E 30 0D 41    0.0.X      0.0.A
20 20 20 20 33 35 33 2E 30 0D 30 20 20 20 20 20        353.0.0     
20 39 2E 35 0D 34 20 20 20 20 33 34 33 2E 35 0D     9.5.4    343.5.
31 20 20 20 20 20 20 30 2E 30 0D 32 20 20 20 20    1      0.0.2    
20 20 20 30 0D 42 81 0D 43 32 30 F4 20 30 32 F3       0.B..C20. 02.
20 32 30 32 33 F2 20 4D 4F 4E 20 30 39 3A 31 38     2023. MON 09:18
41 4D 0D 56 31 0D 0A 46 20 20 20 20 20 20 30 2E    AM.V1..F      0.
30 0D 48 20 20 20 20 20 20 30 2E 30 0D 51 20 20    0.H      0.0.Q  
20 20 20 20 30 2E 30 0D 58 20 20 20 20 20 20 30        0.0.X      0
2E 30 0D 41 20 20 20 20 33 35 33 2E 30 0D 30 20    .0.A    353.0.0 
20 20 20 20 20 39 2E 35 0D 34 20 20 20 20 33 34         9.5.4    34
33 2E 35 0D 31 20 20 20 20 20 20 30 2E 30 0D 32    3.5.1      0.0.2
20 20 20 20 20 20 20 30 0D 42 83 0D 43 32 30 F4           0.B..C20.
20 30 32 F3 20 32 30 32 33 F2 20 4D 4F 4E 20 30     02. 2023. MON 0
39 3A 31 38 41 4D 0D 56 31 0D 0A 46 20 20 20 20    9:18AM.V1..F    
20 20 30 2E 30 0D 48 20 20 20 20 20 20 30 2E 30      0.0.H      0.0
0D 51 20 20 20 20 20 20 30 2E 30 0D 58 20 20 20    .Q      0.0.X   
20 20 20 30 2E 30 0D 41 20 20 20 20 33 35 33 2E       0.0.A    353.
30 0D 30 20 20 20 20 20 20 39 2E 35 0D 34 20 20    0.0      9.5.4  
20 20 33 34 33 2E 35 0D 31 20 20 20 20 20 20 30      343.5.1      0
2E 30 0D 32 20 20 20 20 20 20 20 30 0D 42 83 0D    .0.2       0.B..
43 32 30 F4 20 30 32 F3 20 32 30 32 33 F2 20 4D    C20. 02. 2023. M
4F 4E 20 30 39 3A 31 38 41 4D 0D 56 31 0D 0A 46    ON 09:18AM.V1..F
20 20 20 20 20 20 30 2E 30 0D 48 20 20 20 20 20          0.0.H     
20 30 2E 30 0D 51 20 20 20 20 20 20 30 2E 30 0D     0.0.Q      0.0.
58 20 20 20 20 20 20 30 2E 30 0D 41 20 20 20 20    X      0.0.A    
33 35 33 2E 30 0D 30 20 20 20 20 20 20 39 2E 35    353.0.0      9.5
0D 34 20 20 20 20 33 34 33 2E 35 0D 31 20 20 20    .4    343.5.1   
20 20 20 30 2E 30 0D 32 20 20 20 20 20 20 20 30       0.0.2       0
0D 42 83 0D 43 32 30 F4 20 30 32 F3 20 32 30 32    .B..C20. 02. 202
33 F2 20 4D 4F 4E 20 30 39 3A 31 38 41 4D 0D 56    3. MON 09:18AM.V
31 0D 0A 46 20 20 20 20 20 20 30 2E 30 0D 48 20    1..F      0.0.H 
20 20 20 20 20 30 2E 30 0D 51 20 20 20 20 20 20         0.0.Q      
30 2E 30 0D 58 20 20 20 20 20 20 30 2E 30 0D 41    0.0.X      0.0.A
20 20 20 20 33 35 33 2E 30 0D 30 20 20 20 20 20        353.0.0     
20 39 2E 35 0D 34 20 20 20 20 33 34 33 2E 35 0D     9.5.4    343.5.
31 20 20 20 20 20 20 30 2E 30 0D 32 20 20 20 20    1      0.0.2    
20 20 20 30 0D 42 83 0D 43 32 30 F4 20 30 32 F3       0.B..C20. 02.
20 32 30 32 33 F2 20 4D 4F 4E 20 30 39 3A 31 38     2023. MON 09:18
41 4D 0D 56 31 0D 0A 46 20 20 20 20 20 20 30 2E    AM.V1..F      0.
30 0D 48 20 20 20 20 20 20 30 2E 30 0D 51 20 20    0.H      0.0.Q  
20 20 20 20 30 2E 30 0D 58 20 20 20 20 20 20 30        0.0.X      0
2E 30 0D 41 20 20 20 20 33 35 33 2E 30 0D 30 20    .0.A    353.0.0 
20 20 20 20 20 39 2E 35 0D 34 20 20 20 20 33 34         9.5.4    34
33 2E 35 0D 31 20 20 20 20 20 20 30 2E 30 0D 32    3.5.1      0.0.2
20 20 20 20 20 20 20 30 0D 42 81 0D 43 32 30 F4           0.B..C20.
20 30 32 F3 20 32 30 32 33 F2 20 4D 4F 4E 20 30     02. 2023. MON 0
39 3A 31 38 41 4D 0D 56 31 0D 0A 46 20 20 20 20    9:18AM.V1..F    
20 20 30 2E 30 0D 48 20 20 20 20 20 20 30 2E 30      0.0.H      0.0
0D 51 20 20 20 20 20 20 30 2E 30 0D 58 20 20 20    .Q      0.0.X   
20 20 20 30 2E 30 0D 41 20 20 20 20 33 35 33 2E       0.0.A    353.
30 0D 30 20 20 20 20 20 20 39 2E 35 0D 34 20 20    0.0      9.5.4  
20 20 33 34 33 2E 35 0D 31 20 20 20 20 20 20 30      343.5.1      0
2E 30 0D 32 20 20 20 20 20 20 20 30 0D 42 81 0D    .0.2       0.B..
43 32 30 F4 20 30 32 F3 20 32 30 32 33 F2 20 4D    C20. 02. 2023. M
4F 4E 20 30 39 3A 31 38 41 4D 0D 56 31 0D 0A 46    ON 09:18AM.V1..F
20 20 20 20 20 20 30 2E 30 0D 48 20 20 20 20 20          0.0.H     
20 30 2E 30 0D 51 20 20 20 20 20 20 30 2E 30 0D     0.0.Q      0.0.
58 20 20 20 20 20 20 30 2E 30 0D 41 20 20 20 20    X      0.0.A    
33 35 33 2E 30 0D 30 20 20 20 20 20 20 39 2E 35    353.0.0      9.5
0D 34 20 20 20 20 33 34 33 2E 35 0D 31 20 20 20    .4    343.5.1   
20 20 20 30 2E 30 0D 32 20 20 20 20 20 20 20 30       0.0.2       0
0D 42 83 0D 43 32 30 F4 20 30 32 F3 20 32 30 32    .B..C20. 02. 202
33 F2 20 4D 4F 4E 20 30 39 3A 31 38 41 4D 0D 56    3. MON 09:18AM.V
31 0D 0A 46 20 20 20 20 20 20 30 2E 30 0D 48 20    1..F      0.0.H 
20 20 20 20 20 30 2E 30 0D 51 20 20 20 20 20 20         0.0.Q      
30 2E 30 0D 58 20 20 20 20 20 20 30 2E 30 0D 41    0.0.X      0.0.A
20 20 20 20 33 35 33 2E 30 0D 30 20 20 20 20 20        353.0.0     
20 39 2E 35 0D 34 20 20 20 20 33 34 33 2E 35 0D     9.5.4    343.5.
31 20 20 20 20 20 20 30 2E 30 0D 32 20 20 20 20    1      0.0.2    
20 20 20 30 0D 42 83 0D 43 32 30 F4 20 30 32 F3       0.B..C20. 02.
20 32 30 32 33 F2 20 4D 4F 4E 20 30 39 3A 31 38     2023. MON 09:18
41 4D 0D 56 31 0D 0A 46 20 20 20 20 20 20 30 2E    AM.V1..F      0.
30 0D 48 20 20 20 20 20 20 30 2E 30 0D 51 20 20    0.H      0.0.Q  
20 20 20 20 30 2E 30 0D 58 20 20 20 20 20 20 30        0.0.X      0
2E 30 0D 41 20 20 20 20 33 35 33 2E 30 0D 30 20    .0.A    353.0.0 
20 20 20 20 20 39 2E 35 0D 34 20 20 20 20 33 34         9.5.4    34
33 2E 35 0D 31 20 20 20 20 20 20 30 2E 30 0D 32    3.5.1      0.0.2
20 20 20 20 20 20 20 30 0D 42 83 0D 43 32 30 F4           0.B..C20.
20 30 32 F3 20 32 30 32 33 F2 20 4D 4F 4E 20 30     02. 2023. MON 0
39 3A 31 38 41 4D 0D 56 31 0D 0A 46 20 20 20 20    9:18AM.V1..F    
20 20 30 2E 30 0D 48 20 20 20 20 20 20 30 2E 30      0.0.H      0.0
0D 51 20 20 20 20 20 20 30 2E 30 0D 58 20 20 20    .Q      0.0.X   
20 20 20 30 2E 30 0D 41 20 20 20 20 33 35 33 2E       0.0.A    353.
30 0D 30 20 20 20 20 20 20 39 2E 35 0D 34 20 20    0.0      9.5.4  
20 20 33 34 33 2E 35 0D 31 20 20 20 20 20 20 30      343.5.1      0
2E 30 0D 32 20 20 20 20 20 20 20 30 0D 42 83 0D    .0.2       0.B..
43 32 30 F4 20 30 32 F3 20 32 30 32 33 F2 20 4D    C20. 02. 2023. M
4F 4E 20 30 39 3A 31 38 41 4D 0D 56 31 0D 0A 46    ON 09:18AM.V1..F
20 20 20 20 20 20 30 2E 30 0D 48 20 20 20 20 20          0.0.H     
20 30 2E 30 0D 51 20 20 20 20 20 20 30 2E 30 0D     0.0.Q      0.0.
58 20 20 20 20 20 20 30 2E 30 0D 41 20 20 20 20    X      0.0.A    
33 35 33 2E 30 0D 30 20 20 20 20 20 20 39 2E 35    353.0.0      9.5
0D 34 20 20 20 20 33 34 33 2E 35 0D 31 20 20 20    .4    343.5.1   
20 20 20 30 2E 30 0D 32 20 20 20 20 20 20 20 30       0.0.2       0
0D 42 83 0D 43 32 30 F4 20 30 32 F3 20 32 30 32    .B..C20. 02. 202
33 F2 20 4D 4F 4E 20 30 39 3A 31 38 41 4D 0D 56    3. MON 09:18AM.V
31 0D 0A 46 20 20 20 20 20 20 30 2E 30 0D 48 20    1..F      0.0.H 
20 20 20 20 20 30 2E 30 0D 51 20 20 20 20 20 20         0.0.Q      
30 2E 30 0D 58 20 20 20 20 20 20 30 2E 30 0D 41    0.0.X      0.0.A
20 20 20 20 33 35 33 2E 30 0D 30 20 20 20 20 20        353.0.0     
31 30 2E 30 0D 34 20 20 20 20 33 34 33 2E 35 0D    10.0.4    343.5.
31 20 20 20 20 20 20 30 2E 30 0D 32 20 20 20 20    1      0.0.2    
20 20 20 30 0D 42 81 0D 43 32 30 F4 20 30 32 F3       0.B..C20. 02.
20 32 30 32 33 F2 20 4D 4F 4E 20 30 39 3A 31 38     2023. MON 09:18
41 4D 0D 56 31 0D 0A 46 20 20 20 20 20 20 30 2E    AM.V1..F      0.
30 0D 48 20 20 20 20 20 20 30 2E 30 0D 51 20 20    0.H      0.0.Q  
20 20 20 20 30 2E 30 0D 58 20 20 20 20 20 20 30        0.0.X      0
2E 30 0D 41 20 20 20 20 33 35 33 2E 30 0D 30 20    .0.A    353.0.0 
20 20 20 20 31 30 2E 30 0D 34 20 20 20 20 33 34        10.0.4    34
33 2E 35 0D 31 20 20 20 20 20 20 30 2E 30 0D 32    3.5.1      0.0.2
20 20 20 20 20 20 20 30 0D 42 81 0D 43 32 30 F4           0.B..C20.
20 30 32 F3 20 32 30 32 33 F2 20 4D 4F 4E 20 30     02. 2023. MON 0
39 3A 31 38 41 4D 0D 56 31 0D 0A 46 20 20 20 20    9:18AM.V1..F    
20 20 30 2E 30 0D 48 20 20 20 20 20 20 30 2E 30      0.0.H      0.0
0D 51 20 20 20 20 20 20 30 2E 30 0D 58 20 20 20    .Q      0.0.X   
20 20 20 30 2E 30 0D 41 20 20 20 20 33 35 33 2E       0.0.A    353.
35 0D 30 20 20 20 20 20 31 30 2E 30 0D 34 20 20    5.0     10.0.4  
20 20 33 34 33 2E 35 0D 31 20 20 20 20 20 20 30      343.5.1      0
2E 30 0D 32 20 20 20 20 20 20 20 30 0D 42 83 0D    .0.2       0.B..
43 32 30 F4 20 30 32 F3 20 32 30 32 33 F2 20 4D    C20. 02. 2023. M
4F 4E 20 30 39 3A 31 38 41 4D 0D 56 31 0D 0A 46    ON 09:18AM.V1..F
20 20 20 20 20 20 30 2E 30 0D 48 20 20 20 20 20          0.0.H     
20 30 2E 30 0D 51 20 20 20 20 20 20 30 2E 30 0D     0.0.Q      0.0.
58 20 20 20 20 20 20 30 2E 30 0D 41 20 20 20 20    X      0.0.A    
33 35 33 2E 35 0D 30 20 20 20 20 20 31 30 2E 30    353.5.0     10.0
0D 34 20 20 20 20 33 34 33 2E 35 0D 31 20 20 20    .4    343.5.1   
20 20 20 30 2E 30 0D 32 20 20 20 20 20 20 20 30       0.0.2       0
0D 42 83 0D 43 32 30 F4 20 30 32 F3 20 32 30 32    .B..C20. 02. 202
33 F2 20 4D 4F 4E 20 30 39 3A 31 38 41 4D 0D 56    3. MON 09:18AM.V
31 0D 0A 46 20 20 20 20 20 20 30 2E 30 0D 48 20    1..F      0.0.H 
20 20 20 20 20 30 2E 30 0D 51 20 20 20 20 20 20         0.0.Q      
30 2E 30 0D 58 20 20 20 20 20 20 30 2E 30 0D 41    0.0.X      0.0.A
20 20 20 20 33 35 33 2E 35 0D 30 20 20 20 20 20        353.5.0     
31 30 2E 30 0D 34 20 20 20 20 33 34 33 2E 35 0D    10.0.4    343.5.
31 20 20 20 20 20 20 30 2E 30 0D 32 20 20 20 20    1      0.0.2    
20 20 20 30 0D 42 83 0D 43 32 30 F4 20 30 32 F3       0.B..C20. 02.
20 32 30 32 33 F2 20 4D 4F 4E 20 30 39 3A 31 38     2023. MON 09:18
41 4D 0D 56 31 0D 0A 46 20 20 20 20 20 20 30 2E    AM.V1..F      0.
30 0D 48 20 20 20 20 20 20 30 2E 30 0D 51 20 20    0.H      0.0.Q  
20 20 20 20 30 2E 30 0D 58 20 20 20 20 20 20 30        0.0.X      0
2E 30 0D 41 20 20 20 20 33 35 33 2E 35 0D 30 20    .0.A    353.5.0 
20 20 20 20 31 30 2E 30 0D 34 20 20 20 20 33 34        10.0.4    34
33 2E 35 0D 31 20 20 20 20 20 20 30 2E 30 0D 32    3.5.1      0.0.2
20 20 20 20 20 20 20 30 0D 42 83 0D 43 32 30 F4           0.B..C20.
20 30 32 F3 20 32 30 32 33 F2 20 4D 4F 4E 20 30     02. 2023. MON 0
39 3A 31 38 41 4D 0D 56 31 0D 0A 46 20 20 20 20    9:18AM.V1..F    
20 20 30 2E 30 0D 48 20 20 20 20 20 20 30 2E 30      0.0.H      0.0
0D 51 20 20 20 20 20 20 30 2E 30 0D 58 20 20 20    .Q      0.0.X   
20 20 20 30 2E 30 0D 41 20 20 20 20 33 35 33 2E       0.0.A    353.
35 0D 30 20 20 20 20 20 31 30 2E 30 0D 34 20 20    5.0     10.0.4  
20 20 33 34 33 2E 35 0D 31 20 20 20 20 20 20 30      343.5.1      0
2E 30 0D 32 20 20 20 20 20 20 20 30 0D 42 83 0D    .0.2       0.B..
43 32 30 F4 20 30 32 F3 20 32 30 32 33 F2 20 4D    C20. 02. 2023. M
4F 4E 20 30 39 3A 31 38 41 4D 0D 56 31 0D 0A 46    ON 09:18AM.V1..F
20 20 20 20 20 20 30                                     0
