-- FROM SITE
46 20 20 20 20 20 20 30 2E 30 0D 48 20 20 20 20    F      0.0.H    
20 20 30 2E 30 0D 51 20 20 20 20 20 20 30 2E 30      0.0.Q      0.0
0D 58 20 20 20 20 20 20 30 2E 30 0D 41 20 20 20    .X      0.0.A   
20 33 36 36 2E 30 0D 30 20 20 20 20 20 32 33 2E     366.0.0     23.
30 0D 34 20 20 20 20 33 34 33 2E 35 0D 31 20 20    0.4    343.5.1  
20 20 20 20 30 2E 30 0D 32 20 20 20 20 20 20 20        0.0.2       
30 0D 42 83 0D 43 32 30 F4 20 30 32 F3 20 32 30    0.B..C20. 02. 20
32 33 F2 20 4D 4F 4E 20 30 39 3A 32 30 41 4D 0D    23. MON 09:20AM.
56 31 0D 0A                                        V1..


-- EMULATOR
46 20 20 20 20 20 20 30 2E 30 0D 48 20 20 20 20    F      0.0.H    
20 20 30 2E 30 0D 51 20 20 20 20 20 20 30 2E 30      0.0.Q      0.0
0D 58 20 20 20 20 20 20 30 2E 30 0D 41 20 20 20    .X      0.0.A   
20 33 36 36 2E 30 0D 30 20 20 20 20 20 32 33 2E     366.0.0     23.
30 0D 34 20 20 20 20 33 34 33 2E 35 0D 31 20 20    0.4    343.5.1  
20 20 20 20 30 2E 30 0D 32 20 20 20 20 20 20 20        0.0.2       
30 0D 42 83 0D 43 32 38 F4 20 30 32 F3 20 32 30    0.B..C28. 02. 20
32 33 F2 20 54 55 45 20 30 38 3A 32 36 41 4D 0D    23. TUE 08:26AM.
56 31 0D 0A                                        V1..